INPUT/DGM40_EPSG31468.asc
NCOLS 291 
NROWS 282 
XLLCORNER 4476880 
YLLCORNER 5718200 
CELLSIZE 40 
NODATA_value -3.4e+38 
[rows 20 to 39 of 282, columns 0 to 45 of 291]
134.754302978516 132.810501098633 129.895004272461 125.62329864502 124.128997802734 122.249298095703 120.162498474121 117.303901672363 114.854598999023 111.216697692871 105.692001342773 101.562896728516 100.956199645996 98.2087020874023 96.4786605834961 94.3011322021484 93.362922668457 93.3678665161133 92.4550018310547 92.2265090942383 82.8594436645508 79.5234832763672 80.6564788818359 84.7262878417969 98.2044982910156 104.411201477051 109.300796508789 110.811698913574 110.757499694824 110.92749786377 111.273803710938 111.767501831055 112.35880279541 112.739303588867 112.652702331543 112.412498474121 112.171600341797 111.944198608398 111.231300354004 110.636596679688 109.92960357666 108.784797668457 106.690101623535 105.345001220703 91.026237487793 83.0968170166016
136.508193969727 134.324203491211 130.004699707031 124.074501037598 120.650001525879 118.826797485352 118.263298034668 116.356101989746 113.513999938965 109.503799438477 105.518096923828 105.233703613281 106.991401672363 103.026397705078 100.969398498535 100.248397827148 99.8515319824219 100.208396911621 100.525398254395 97.3949966430664 82.9134826660156 80.5908737182617 83.0798034667969 88.2815780639648 100.72550201416 107.540000915527 109.206001281738 110.614303588867 110.756698608398 110.922401428223 111.332397460938 111.853797912598 112.46019744873 112.757797241211 112.610000610352 112.357696533203 112.151496887207 112.096199035645 111.641502380371 111.017601013184 110.530403137207 109.841102600098 108.677597045898 106.597900390625 103.675598144531 90.1057662963867
137.41259765625 135.649200439453 132.421005249023 128.966598510742 120.297203063965 116.041496276855 113.848197937012 111.905296325684 110.040298461914 108.282501220703 107.147003173828 107.553901672363 109.22679901123 107.309898376465 104.800300598145 103.94539642334 103.582702636719 102.497200012207 100.490303039551 96.9149932861328 83.620849609375 82.4572067260742 84.8305130004883 92.2161407470703 105.054397583008 109.628402709961 109.315002441406 110.666900634766 110.745697021484 110.909698486328 111.347396850586 111.904998779297 112.524200439453 112.821800231934 112.702598571777 112.466201782227 112.251800537109 112.299003601074 112.245597839355 111.756202697754 111.223899841309 110.680099487305 109.332496643066 107.121299743652 104.328201293945 103.288200378418
137.887100219727 136.358993530273 134.803298950195 131.497802734375 124.555000305176 118.36540222168 114.417999267578 111.987297058105 111.38680267334 111.759002685547 108.869697570801 108.504997253418 111.236297607422 108.629302978516 106.720199584961 105.56079864502 104.658599853516 103.397903442383 100.949798583984 98.3608016967773 85.5248336791992 84.1457290649414 82.7609786987305 88.4238815307617 100.05069732666 109.242698669434 109.044998168945 110.163398742676 110.670997619629 110.929801940918 111.389999389648 111.919998168945 112.488800048828 112.863296508789 112.938003540039 112.888801574707 112.816497802734 112.968696594238 113.02490234375 112.613700866699 111.863700866699 110.948799133301 109.632400512695 107.927696228027 106.146003723145 105.395599365234
137.974502563477 136.703598022461 135.199996948242 131.653503417969 125.424201965332 117.736801147461 114.92259979248 116.472297668457 116.472801208496 114.608497619629 110.474296569824 112.790603637695 111.853302001953 109.870300292969 107.946197509766 106.485000610352 105.080001831055 103.564002990723 101.609100341797 98.4219436645508 90.2678527832031 84.7319717407227 84.2633438110352 84.3044509887695 89.3229598999023 104.209999084473 108.422698974609 109.214599609375 110.462501525879 110.987396240234 111.426200866699 111.889999389648 112.383697509766 112.828102111816 113.245002746582 113.606201171875 113.933799743652 114.00129699707 113.907501220703 113.490097045898 112.463798522949 111.368698120117 110.106300354004 108.957397460938 108.265098571777 107.635597229004
137.479705810547 136.423797607422 135.139404296875 132.639205932617 126.304397583008 119.839500427246 120.855102539062 121.203598022461 118.707000732422 114.691200256348 112.889999389648 113.268096923828 112.018501281738 110.31379699707 108.573699951172 106.863899230957 105.106796264648 103.097801208496 100.549797058105 97.7153167724609 93.2462005615234 88.095832824707 85.1607208251953 83.7855834960938 85.7628936767578 94.757926940918 106.610198974609 108.978797912598 110.160499572754 110.883598327637 111.314796447754 111.791198730469 112.226501464844 112.658699035645 113.455497741699 114.257499694824 114.683700561523 114.842498779297 114.873596191406 114.459999084473 113.382598876953 112.127098083496 111.099998474121 110.444999694824 109.945098876953 108.83869934082
136.994293212891 136.265594482422 134.64729309082 132.431304931641 129.292404174805 124.560997009277 123.758102416992 121.624801635742 117.254699707031 114.816802978516 114.524101257324 113.394798278809 111.804496765137 110.240303039551 108.585296630859 106.753799438477 104.948699951172 102.910202026367 100.601303100586 98.4787902832031 95.3332672119141 89.3811874389648 85.5785369873047 84.4504318237305 85.8377532958984 96.5546875 106.504699707031 108.414001464844 109.563697814941 110.405097961426 111.054901123047 111.653701782227 112.050003051758 112.324996948242 113.37149810791 114.675399780273 115.302696228027 115.522499084473 115.540603637695 115.312896728516 114.679702758789 113.486999511719 112.752700805664 112.048698425293 111.139801025391 110.010803222656
135.18359375 134.538803100586 132.497802734375 130.781799316406 128.722900390625 125.726501464844 122.950996398926 120.83910369873 118.524398803711 116.17790222168 114.846603393555 112.992797851562 111.093200683594 109.843299865723 108.108497619629 106.440002441406 104.841201782227 103.031196594238 100.930198669434 98.7835388183594 96.0557174682617 91.3395385742188 85.6271667480469 84.9929580688477 85.3626937866211 93.5581436157227 106.148597717285 107.897399902344 109.256301879883 110.072700500488 110.836303710938 111.449996948242 111.853797912598 112.121002197266 112.849296569824 114.30460357666 115.662200927734 115.800003051758 115.713302612305 115.620300292969 115.32250213623 114.957496643066 114.464500427246 113.164398193359 111.935096740723 110.854202270508
130.817596435547 130.10139465332 129.275405883789 127.501502990723 126.04940032959 124.14119720459 122.672798156738 120.238899230957 117.66919708252 115.629501342773 113.862503051758 112.113800048828 110.488403320312 108.673896789551 107.137702941895 105.911697387695 104.227996826172 102.461196899414 100.824897766113 98.9110336303711 95.810302734375 91.1998062133789 85.5589904785156 85.4739608764648 85.2452087402344 91.540412902832 105.775100708008 108.099800109863 109.319999694824 110.199996948242 110.726097106934 111.191200256348 111.611099243164 111.953796386719 112.44450378418 113.09839630127 114.468696594238 115.227699279785 115.508903503418 115.752799987793 115.864601135254 115.848503112793 115.44709777832 114.235397338867 112.745002746582 111.5
125.39949798584 124.618797302246 124.240501403809 124.09839630127 123.760200500488 122.703300476074 120.67130279541 118.12190246582 116.229400634766 114.686401367188 112.982398986816 111.38500213623 109.633903503418 107.568901062012 106.242599487305 105.001098632812 102.783798217773 101.548797607422 99.8290634155273 98.2514114379883 96.0177612304688 91.5857162475586 86.326286315918 85.6916275024414 86.0713272094727 92.6576919555664 106.076797485352 108.056701660156 109.407501220703 110.148803710938 110.52619934082 110.902603149414 111.311302185059 111.727500915527 112.127601623535 112.526100158691 113.464996337891 114.462699890137 115.201400756836 115.79109954834 116.17790222168 116.175498962402 115.698699951172 114.847801208496 113.461402893066 112.067596435547
122.98169708252 122.88200378418 122.769897460938 122.602996826172 121.963996887207 120.888000488281 118.754699707031 116.741302490234 115.15779876709 113.925102233887 112.538803100586 110.926300048828 109.091300964355 107.221397399902 105.777198791504 104.326202392578 102.140701293945 100.373596191406 98.8587799072266 96.5668411254883 95.3559036254883 92.1923828125 88.8827819824219 85.765739440918 87.0157623291016 94.7070693969727 106.333702087402 107.999397277832 109.262496948242 109.94539642334 110.247100830078 110.616203308105 111.013801574707 111.456802368164 111.943702697754 112.491203308105 113.130401611328 114.007102966309 114.940101623535 115.763900756836 116.263496398926 116.32250213623 115.9375 115.19229888916 114.28630065918 113.247703552246
121.850898742676 121.692497253418 121.153701782227 120.598701477051 119.898803710938 118.582099914551 117.075897216797 115.726303100586 114.362602233887 113.288597106934 112.101303100586 110.601196289062 108.976303100586 107.175903320312 105.329002380371 103.790000915527 101.120399475098 97.7488327026367 97.003776550293 94.7550811767578 92.5085372924805 90.1867370605469 87.6631393432617 85.4095230102539 86.394416809082 90.4431533813477 104.507400512695 107.058403015137 108.716102600098 110.000602722168 110.152000427246 110.377502441406 110.772796630859 111.314399719238 111.936698913574 112.454498291016 113.024398803711 113.854301452637 114.834999084473 115.721298217773 116.220001220703 116.387001037598 116.224296569824 115.708702087402 115.165901184082 114.544998168945
120.277603149414 119.81729888916 119.340301513672 118.863800048828 118.050003051758 116.885398864746 115.786201477051 114.630302429199 113.256103515625 112.303703308105 111.296203613281 110.070198059082 108.932601928711 107.508201599121 105.699996948242 103.681098937988 99.2499008178711 96.0283737182617 94.605583190918 93.1039962768555 92.2222518920898 90.3000030517578 87.543571472168 86.359748840332 86.7869491577148 89.572380065918 98.0463562011719 103.863403320312 107.903198242188 109.653701782227 109.711601257324 110.114700317383 110.591102600098 111.20369720459 111.884101867676 112.415603637695 113.022300720215 113.876403808594 114.866302490234 115.707496643066 116.184997558594 116.412498474121 116.43090057373 116.149101257324 115.828796386719 115.572700500488
119.12629699707 118.738899230957 118.343803405762 117.781303405762 116.857398986816 115.923896789551 114.81420135498 113.203598022461 111.899002075195 111.127601623535 110.38500213623 109.448699951172 108.675003051758 107.714401245117 106.353698730469 104.888900756836 102.19450378418 97.7745666503906 97.5072937011719 96.4935302734375 95.5145797729492 93.5556869506836 88.3910980224609 87.0143127441406 87.8623962402344 88.9078521728516 93.8658065795898 99.0016021728516 103.340698242188 106.625602722168 108.578903198242 109.6875 110.476097106934 111.232200622559 111.951599121094 112.436798095703 113.110702514648 114.008903503418 114.993797302246 115.918701171875 116.389999389648 116.578796386719 116.655296325684 116.483703613281 116.35359954834 116.364303588867
118.231300354004 117.900001525879 117.573799133301 116.95369720459 116.146301269531 115.35050201416 113.863899230957 112.068702697754 110.82869720459 110.065002441406 109.458801269531 108.605003356934 107.958198547363 107.048797607422 105.734802246094 104.587799072266 102.557899475098 100.018600463867 100.027000427246 99.1683731079102 97.5679702758789 94.0452728271484 88.2901077270508 88.2058486938477 93.5464019775391 100.832099914551 101.810600280762 102.162399291992 104.838996887207 106.403602600098 108.142700195312 109.461303710938 110.458702087402 111.381797790527 112.154197692871 112.79810333252 113.477203369141 114.285797119141 115.207496643066 116.236099243164 116.817596435547 117.012496948242 117.057601928711 116.940002441406 116.815200805664 116.993698120117
117.129997253418 116.879997253418 116.587501525879 116.162399291992 115.620002746582 114.999900817871 113.23169708252 111.565803527832 110.237899780273 109.4375 108.875 108.043197631836 107.27449798584 105.928398132324 104.730201721191 103.979400634766 102.811096191406 102.356201171875 100.737396240234 99.5425033569336 97.5505065917969 93.4580230712891 88.0990371704102 90.0368728637695 100.334999084473 101.877799987793 104.635398864746 106.912002563477 107.353500366211 107.803596496582 108.642501831055 109.66130065918 110.686096191406 111.752700805664 112.676803588867 113.270500183105 113.916297912598 114.680099487305 115.565002441406 116.447601318359 117.077499389648 117.412399291992 117.516098022461 117.436599731445 117.267501831055 117.328903198242
115.695999145508 115.661201477051 115.547500610352 115.414001464844 115.164901733398 114.62629699707 113.371597290039 111.93620300293 110.422897338867 109.472503662109 108.821197509766 108.252098083496 107.839401245117 106.346397399902 105.167297363281 104.352500915527 103.575202941895 102.864402770996 100.747299194336 98.5238418579102 94.2716827392578 90.8727874755859 87.8514633178711 91.196891784668 100.243896484375 102.154602050781 104.094497680664 105.598701477051 107.135398864746 108.066703796387 109.10880279541 110.069801330566 110.997596740723 112.122100830078 113.11979675293 113.722602844238 114.397201538086 115.108901977539 116.017501831055 116.807502746582 117.315002441406 117.575996398926 117.728202819824 117.827796936035 117.781097412109 117.911903381348
114.027603149414 114.35359954834 114.548400878906 114.633697509766 114.589897155762 114.298797607422 113.533203125 112.313499450684 110.940200805664 109.999801635742 109.038696289062 108.435997009277 108.03800201416 106.649803161621 105.520896911621 104.414497375488 103.421096801758 102.53099822998 100.69539642334 96.9999465942383 91.3344268798828 89.1813278198242 87.6708908081055 91.5946731567383 101.461799621582 102.515701293945 103.862396240234 105.212097167969 107.218803405762 108.566299438477 109.464797973633 110.253799438477 111.202598571777 112.337097167969 113.392700195312 114.071701049805 114.816398620605 115.529403686523 116.47380065918 117.253997802734 117.571098327637 117.553298950195 117.76969909668 118.266098022461 118.620002746582 118.959999084473
112.293701171875 112.791603088379 113.369697570801 113.528701782227 113.563499450684 113.454498291016 112.93090057373 111.818702697754 110.779998779297 109.922500610352 108.972503662109 108.175102233887 107.148902893066 105.419296264648 104.333999633789 103.183700561523 101.931396484375 100.669296264648 98.7508316040039 91.3899993896484 89.5424728393555 88.2585220336914 89.4302825927734 95.8229827880859 101.14119720459 103.44229888916 104.465400695801 105.882598876953 108.112602233887 109.085403442383 109.722503662109 110.467498779297 111.379203796387 112.429702758789 113.535697937012 114.28099822998 115.07430267334 115.905799865723 116.841102600098 117.643402099609 117.769996643066 117.550003051758 118.175201416016 119.028701782227 119.569000244141 120.111000061035
110.51490020752 110.825202941895 111.461303710938 111.741203308105 111.73999786377 111.618698120117 111.188499450684 110.647903442383 110.031196594238 109.291198730469 108.36499786377 107.223197937012 105.659896850586 104.151298522949 102.931701660156 102.098197937012 99.5171813964844 95.638427734375 91.9797210693359 88.5972290039062 88.6936492919922 89.0492324829102 90.1932983398438 94.3798217773438 99.4435501098633 103.822998046875 105.044898986816 106.75789642334 108.356597900391 109.098098754883 109.946197509766 110.764999389648 111.590301513672 112.582000732422 113.662803649902 114.388801574707 115.184700012207 116.064796447754 116.995101928711 117.809799194336 117.887298583984 117.650100708008 118.771003723145 119.75 120.416297912598 121.300003051758
