INPUT/DGM40_EPSG31468.asc
NCOLS 291 
NROWS 282 
XLLCORNER 4476880 
YLLCORNER 5718200 
CELLSIZE 40 
NODATA_value -3.4e+38 
[rows 20 to 39 of 282, columns 46 to 91 of 291]
70.5048675537109 63.1752510070801 64.3685073852539 65.2439270019531 65.5061492919922 66.3175582885742 66.9100036621094 67.0185699462891 66.8375015258789 66.5800018310547 66.4199981689453 66.4000015258789 66.3899993896484 66.3899993896484 66.3899993896484 66.3899993896484 66.3899993896484 66.4000015258789 66.3974990844727 66.4175033569336 66.4199981689453 66.4065170288086 66.423469543457 66.5479507446289 66.7953262329102 67.6526031494141 68.7661895751953 70.2975921630859 72.0900802612305 73.435173034668 83.76953125 87.4585723876953 86.9972229003906 87.1372222900391 87.9901275634766 88.237663269043 88.9793472290039 91.1273193359375 90.7402572631836 88.312629699707 86.7002334594727 86.5767211914062 87.0904998779297 87.8165588378906 89.1842422485352 94.9856872558594
81.453987121582 65.8914413452148 64.2395935058594 64.9766311645508 65.7357864379883 66.6314392089844 67.011848449707 67.004997253418 66.8125 66.5886917114258 66.4384613037109 66.3899993896484 66.3899993896484 66.3899993896484 66.3899993896484 66.3899993896484 66.3899993896484 66.3899993896484 66.3899993896484 66.3899993896484 66.4199981689453 66.4100036621094 66.4000015258789 66.4000015258789 66.4253768920898 66.3949279785156 66.7131271362305 68.2697219848633 69.8720169067383 71.5905532836914 72.7893371582031 75.2583312988281 88.5355529785156 88.4148178100586 87.8932876586914 89.6609573364258 91.189811706543 91.8767776489258 91.3161315917969 88.7113723754883 86.1376190185547 86.0500869750977 86.6322937011719 83.7090835571289 84.3259124755859 85.5443496704102
97.5100021362305 71.8144073486328 66.4963989257812 66.9200134277344 66.9834671020508 67.0299987792969 66.9590606689453 66.7962188720703 66.618782043457 66.4725036621094 66.3775024414062 66.3333435058594 66.3550033569336 66.3899993896484 66.3899993896484 66.3899993896484 66.3899993896484 66.370002746582 66.370002746582 66.370002746582 66.3899993896484 66.3899993896484 66.3899993896484 66.3899993896484 66.3899993896484 66.4155731201172 66.4003372192383 66.3343124389648 66.0978927612305 68.8669509887695 69.8617324829102 69.7539825439453 70.3605117797852 75.5506286621094 81.810546875 88.7839431762695 89.8939666748047 89.840461730957 87.6641616821289 82.9465408325195 82.1560134887695 80.9620819091797 80.2672576904297 79.4903335571289 78.9364166259766 79.3718719482422
102.281303405762 87.6337127685547 68.4499969482422 66.2043609619141 66.702262878418 66.7577133178711 66.6011734008789 66.4637832641602 66.3323822021484 66.267692565918 66.2699966430664 66.2950134277344 66.336669921875 66.370002746582 66.370002746582 66.370002746582 66.3499984741211 66.3600006103516 66.370002746582 66.370002746582 66.3899993896484 66.3899993896484 66.3899993896484 66.3899993896484 66.4000015258789 66.3050003051758 66.4071426391602 66.4000015258789 66.3857574462891 66.0851593017578 67.6786193847656 67.7148284912109 66.5478973388672 65.7713928222656 67.274528503418 72.2661437988281 74.7989730834961 72.5289764404297 72.1653366088867 73.0547332763672 73.8899230957031 74.6704330444336 75.4135665893555 75.4780807495117 75.0074996948242 75.3679428100586
105.777000427246 99.5605697631836 83.4251937866211 68.1549987792969 66.0261917114258 66.1225891113281 66.3647384643555 66.191276550293 66.0244369506836 66.0412902832031 66.1635971069336 66.3010635375977 66.4075012207031 66.3974990844727 66.351432800293 66.3239974975586 66.3300018310547 66.3499984741211 66.370002746582 66.370002746582 66.3899993896484 66.4000015258789 66.3899993896484 66.4000015258789 66.4059982299805 66.463752746582 66.3983383178711 66.3899993896484 66.4000015258789 66.3852615356445 66.0684967041016 66.6016464233398 66.1988677978516 65.4018783569336 65.0933227539062 65.8291091918945 66.8450012207031 66.9371871948242 66.7543869018555 66.8511276245117 67.6775131225586 70.249641418457 71.8689804077148 72.2949676513672 72.4700012207031 72.69140625
107.055702209473 104.317901611328 98.870002746582 83.3782119750977 71.0904388427734 68.4700012207031 67.0229110717773 66.1433334350586 65.8339996337891 65.8385162353516 66.0586471557617 66.3550033569336 66.5084609985352 66.4540023803711 66.3199996948242 66.2850036621094 66.3285675048828 66.3650131225586 66.3899993896484 66.3899993896484 66.3899993896484 66.3899993896484 66.3899993896484 66.4050064086914 66.4663619995117 66.5199966430664 66.4850006103516 66.4100036621094 66.4000015258789 66.4000015258789 66.3566131591797 66.0953521728516 66.1042175292969 65.9994277954102 65.6141128540039 65.7459335327148 65.6019592285156 65.655403137207 65.6488876342773 65.7346267700195 66.1088027954102 67.081672668457 68.7469177246094 69.8410873413086 70.3736419677734 70.7862319946289
108.151298522949 105.966697692871 102.699996948242 84.4307479858398 76.8232421875 72.9403381347656 67.4725875854492 66.1647567749023 65.8499908447266 65.6959991455078 65.9199981689453 66.4043426513672 66.6084594726562 66.4974975585938 66.2699966430664 66.2419967651367 66.379997253418 66.4000015258789 66.4000015258789 66.4000015258789 66.4000015258789 66.4000015258789 66.4000015258789 66.4250030517578 66.4750137329102 66.5199966430664 66.5100021362305 66.4811096191406 66.4499969482422 66.4350128173828 66.4245376586914 66.0112991333008 66.1059036254883 66.0706634521484 66.0692977905273 65.7649078369141 65.3564376831055 65.103157043457 65.1366729736328 65.2430419921875 65.4619293212891 66.1250762939453 67.1090774536133 67.8260879516602 68.5572967529297 69.3637466430664
109.578399658203 100.108901977539 91.8539276123047 89.1313171386719 89.194221496582 82.5218963623047 71.4909896850586 66.9157867431641 66.1171875 65.5228576660156 65.7861862182617 66.4439315795898 66.7222213745117 66.5836563110352 66.2584609985352 66.2128601074219 66.3199996948242 66.4000015258789 66.4000015258789 66.4199981689453 66.4250030517578 66.4199981689453 66.4499969482422 66.4499969482422 66.4750137329102 66.5100021362305 66.5199966430664 66.5175018310547 66.5014266967773 66.4800033569336 66.4800033569336 66.538459777832 65.8975524902344 66.0641403198242 66.0767364501953 65.9474868774414 65.5 65.1875 65.1133270263672 65.1254577636719 65.2252197265625 65.541748046875 66.3296127319336 66.998046875 67.5425033569336 68.403678894043
110.315002441406 104.494102478027 105.953002929688 101.583702087402 103.174003601074 91.1323013305664 78.4828262329102 71.2809829711914 67.0977172851562 65.7016067504883 65.776123046875 66.5409927368164 66.8914794921875 66.8025131225586 66.4440383911133 66.293327331543 66.3324966430664 66.3639984130859 66.3966674804688 66.4199981689453 66.4499969482422 66.4499969482422 66.4700012207031 66.4800033569336 66.495002746582 66.5199966430664 66.5199966430664 66.5400009155273 66.5350036621094 66.5239868164062 66.5199966430664 66.5299987792969 65.9096069335938 65.983772277832 66.0348434448242 66.066520690918 65.6573333740234 65.3899993896484 65.3555297851562 65.4422225952148 65.4502182006836 65.504997253418 65.663330078125 66.467643737793 67.2239379882812 67.759162902832
111.019302368164 111.360496520996 110.24169921875 108.019897460938 106.815399169922 101.610496520996 89.2530670166016 86.0800018310547 71.2085418701172 68.0637512207031 66.0031280517578 66.6647415161133 67.0609970092773 67.0124969482422 66.8368530273438 66.5407562255859 66.4055633544922 66.3499984741211 66.3300018310547 66.3984603881836 66.4499969482422 66.4549865722656 66.4700012207031 66.4899978637695 66.5199966430664 66.5199966430664 66.5400009155273 66.5599975585938 66.5699996948242 66.5666732788086 66.5299987792969 66.5100021362305 66.4366302490234 65.8051376342773 65.9712905883789 66.0639190673828 65.7135009765625 65.5 65.6386032104492 66.1385269165039 65.9633712768555 65.5800018310547 65.5095977783203 65.8617630004883 66.7122421264648 67.3323364257812
112.637802124023 112.714996337891 112.431800842285 111.876602172852 109.956703186035 98.729736328125 93.2006607055664 84.9131698608398 74.3610687255859 70.6434707641602 67.5623931884766 66.8624114990234 66.9338607788086 66.8750991821289 67.0292816162109 66.8389511108398 66.4351272583008 66.2399978637695 66.2366714477539 66.3035278320312 66.3713302612305 66.4120025634766 66.4411087036133 66.4850006103516 66.5199966430664 66.5199966430664 66.5299987792969 66.5599975585938 66.5699996948242 66.5800018310547 66.5299987792969 66.4588928222656 66.3990325927734 65.6148834228516 65.9445114135742 66.0352783203125 65.789176940918 65.5469207763672 65.8798904418945 66.4800033569336 66.2331924438477 65.7487335205078 65.4160766601562 65.4515380859375 66.0372314453125 66.7799987792969
114.198799133301 114.221199035645 114.1875 113.981597900391 112.699203491211 103.163497924805 91.7502670288086 84.3901824951172 83.5981826782227 80.1144332885742 69.9721374511719 67.4188232421875 66.2765121459961 66.1650085449219 67.0650024414062 67.0350036621094 66.5923461914062 66.2774963378906 66.2214279174805 66.2320022583008 66.2624969482422 66.3099975585938 66.3824996948242 66.4463729858398 66.4899978637695 66.5 66.5175018310547 66.5400009155273 66.5599975585938 66.5479965209961 66.4957122802734 66.4560012817383 66.4067764282227 65.7273330688477 65.9944229125977 66.0584106445312 65.9856796264648 65.7531967163086 66.3200073242188 66.4487533569336 66.1538162231445 65.6900024414062 65.3675003051758 65.3424987792969 65.6389770507812 66.2699203491211
115.565803527832 115.8125 115.956199645996 116.036903381348 115.222801208496 113.904197692871 108.217300415039 96.4927673339844 93.004753112793 85.0686264038086 79.8945693969727 69.9449996948242 66.5663299560547 66.2327423095703 66.7986526489258 67.0425033569336 66.8539199829102 66.5524978637695 66.3475036621094 66.2524871826172 66.203987121582 66.2109069824219 66.272216796875 66.3629989624023 66.4084625244141 66.4250030517578 66.4763565063477 66.5059967041016 66.4725036621094 66.3399963378906 66.4899978637695 66.4649963378906 66.4225006103516 66.0432434082031 66.0832138061523 66.1172637939453 66.1143798828125 66.1630172729492 66.3840026855469 66.4199981689453 66.0875015258789 65.633903503418 65.3764724731445 65.3509063720703 65.5122222900391 65.9267730712891
116.769798278809 117.263900756836 117.500503540039 117.732597351074 117.376502990723 117.001197814941 117.00479888916 110.509803771973 95.9881134033203 88.7104034423828 93.2374114990234 78.0407867431641 71.592529296875 68.0548400878906 67.2792282104492 67.0999984741211 67.0004272460938 66.8207702636719 66.6337203979492 66.4188919067383 66.2487487792969 66.1816711425781 66.1875 66.2218704223633 66.2800064086914 66.3525009155273 66.4215393066406 66.4514312744141 66.4242935180664 66.4550018310547 66.4800033569336 66.4700012207031 66.4400024414062 66.4807662963867 66.1284713745117 66.1602172851562 66.1616897583008 66.3040008544922 66.3957138061523 66.4130783081055 66.0912780761719 65.6663436889648 65.4696197509766 65.4475021362305 65.5411834716797 65.7693634033203
117.621200561523 118.541297912598 119.605003356934 120.136199951172 119.972702026367 119.831298828125 118.923797607422 115.46410369873 107.023902893066 98.544807434082 104.261596679688 85.751579284668 78.8479766845703 73.1039276123047 69.5212783813477 67.5397033691406 67.1190032958984 67.0380020141602 66.965217590332 66.7136764526367 66.4586334228516 66.2715072631836 66.1774978637695 66.1699981689453 66.2074966430664 66.2615432739258 66.3399963378906 66.3890914916992 66.3949966430664 66.4366607666016 66.4499969482422 66.4599990844727 66.4333267211914 66.5066070556641 66.2203369140625 66.1951675415039 66.1764678955078 66.2955169677734 66.4000015258789 66.4155578613281 66.1963806152344 65.8923187255859 65.7213287353516 65.6085205078125 65.6350021362305 65.7355270385742
117.883499145508 119.313697814941 120.875 122.455703735352 123.233497619629 121.878799438477 120.326202392578 118.717498779297 119.246299743652 111.821197509766 113.204002380371 105.042999267578 89.3649978637695 80.090950012207 74.6765899658203 69.8585662841797 67.6950073242188 67.4199981689453 67.1831817626953 66.9700012207031 66.8138122558594 66.5709533691406 66.3764495849609 66.2979965209961 66.2533264160156 66.2433319091797 66.2557067871094 66.2900009155273 66.3550033569336 66.4100036621094 66.4260025024414 66.4100036621094 66.4066696166992 66.5238037109375 66.2157516479492 66.2254791259766 66.1733169555664 66.3024368286133 66.4063568115234 66.4366683959961 66.3614807128906 66.2328567504883 66.0599975585938 65.8621673583984 65.7996063232422 65.8949966430664
118.69229888916 119.970001220703 121.385597229004 122.489303588867 123.605102539062 122.988403320312 121.85050201416 121.127799987793 119.834503173828 117.91780090332 112.276496887207 102.162200927734 90.5486068725586 87.4186630249023 83.8282165527344 78.0544967651367 71.703369140625 68.2306365966797 67.3630218505859 67.1914672851562 67.1511077880859 66.9646072387695 66.8000030517578 66.6600036621094 66.4998016357422 66.3509674072266 66.2976531982422 66.302001953125 66.3219985961914 66.370002746582 66.3814315795898 66.379997253418 66.3899993896484 66.4430694580078 66.0818481445312 66.2378311157227 66.2628631591797 66.3596572875977 66.4349975585938 66.4750137329102 66.4661636352539 66.4644470214844 66.3821029663086 66.1913299560547 66.0493774414062 66.0711975097656
119.876403808594 120.860801696777 121.722602844238 122.308197021484 122.755599975586 122.921798706055 122.713500976562 122.234596252441 120.91429901123 118.671203613281 111.650199890137 96.2820434570312 94.4921112060547 100.63680267334 95.9181137084961 89.194206237793 81.3460006713867 73.9765930175781 69.0364608764648 67.6828994750977 67.5213470458984 67.1295318603516 67.0085830688477 67.0063629150391 66.8561172485352 66.6700134277344 66.557502746582 66.4644393920898 66.3666687011719 66.3320007324219 66.3499984741211 66.375 66.3733367919922 66.370002746582 65.9315567016602 66.2251434326172 66.3373794555664 66.449836730957 66.4863662719727 66.5149993896484 66.5449981689453 66.5657119750977 66.5244369506836 66.3849868774414 66.2837066650391 66.2536773681641
120.891799926758 121.361602783203 121.80249786377 122.176300048828 122.416297912598 122.629997253418 123.284202575684 123.12190246582 120.381896972656 117.04239654541 111.224899291992 110.837097167969 108.6083984375 109.952697753906 107.755699157715 103.008399963379 92.0122604370117 83.9342727661133 75.7985763549805 70.2709579467773 68.2868423461914 67.2797164916992 66.7210235595703 66.9300079345703 67.0185699462891 66.966667175293 66.8874969482422 66.7740020751953 66.6025085449219 66.4725036621094 66.4184188842773 66.4225006103516 66.4066696166992 66.379997253418 66.342529296875 66.2044830322266 66.3715209960938 66.5118637084961 66.5508575439453 66.5559997558594 66.5785675048828 66.6175003051758 66.5875015258789 66.5059967041016 66.4359970092773 66.3913269042969
121.496803283691 121.585296630859 121.754997253418 122.029998779297 122.353897094727 122.757301330566 123.536598205566 123.555000305176 121.050903320312 119.389701843262 117.509101867676 114.57250213623 112.320602416992 112.253601074219 109.979698181152 107.372901916504 103.365501403809 95.8386535644531 84.4731521606445 78.9379119873047 71.751953125 68.3389129638672 66.9485168457031 66.6363983154297 66.9027328491211 67.0133285522461 67.0175018310547 67.01611328125 66.9164123535156 66.7649993896484 66.6487884521484 66.57080078125 66.523811340332 66.4464721679688 66.3843994140625 66.0982894897461 66.3866577148438 66.5185165405273 66.6074295043945 66.5846786499023 66.6100006103516 66.6399993896484 66.6166687011719 66.5514297485352 66.4914321899414 66.4314270019531
