INPUT/DGM40_EPSG31468.asc
NCOLS 291 
NROWS 282 
XLLCORNER 4476880 
YLLCORNER 5718200 
CELLSIZE 40 
NODATA_value -3.4e+38 
[rows 220 to 239 of 282, columns 184 to 229 of 291]
151.718704223633 152.892303466797 154.996505737305 155.929397583008 155.994705200195 155.546096801758 154.992401123047 154.966094970703 155.56379699707 156.267593383789 156.535003662109 156.317504882812 156.044998168945 155.907501220703 156.044998168945 156.339996337891 156.627502441406 156.370193481445 155.566101074219 154.759292602539 154.399993896484 154.006393432617 153.527694702148 153.242492675781 153.171401977539 153.228897094727 153.242202758789 152.897903442383 152.449996948242 151.993698120117 151.567504882812 151.19970703125 150.946395874023 150.759994506836 150.60270690918 150.457504272461 150.308807373047 150.160003662109 150.132202148438 150.205001831055 150.323699951172 150.462493896484 150.613800048828 150.741195678711 150.757797241211 150.705001831055
151.191101074219 152.161193847656 154.214294433594 155.592803955078 155.349700927734 154.519104003906 153.585906982422 153.777297973633 154.464996337891 155.185104370117 155.539901733398 155.396102905273 155.493896484375 155.638702392578 155.873794555664 156.125 156.289001464844 155.961196899414 155.371200561523 154.638702392578 154.043701171875 153.631195068359 153.259994506836 153.082595825195 153.067504882812 153.178802490234 153.279998779297 153.003601074219 152.556594848633 152.059997558594 151.62629699707 151.237396240234 150.929992675781 150.675003051758 150.466400146484 150.342498779297 150.203796386719 150.04069519043 150.042495727539 150.160003662109 150.298706054688 150.428695678711 150.543701171875 150.63850402832 150.603897094727 150.497604370117
149.378799438477 150.117401123047 153.105895996094 154.936706542969 154.667999267578 153.303604125977 151.913604736328 152.576797485352 153.527297973633 154.267501831055 154.632293701172 154.706207275391 155.008895874023 155.410903930664 155.783706665039 155.998901367188 156.011199951172 155.627502441406 155.056304931641 154.40510559082 153.851196289062 153.425201416016 153.116500854492 153.039993286133 153.085998535156 153.244995117188 153.245498657227 152.816299438477 152.371200561523 152.003692626953 151.630004882812 151.255004882812 150.921203613281 150.630004882812 150.401000976562 150.303604125977 150.191299438477 149.948394775391 150.018600463867 150.184997558594 150.310897827148 150.372894287109 150.445007324219 150.505996704102 150.457702636719 150.297500610352
146.776000976562 148.695907592773 152.922500610352 154.332992553711 153.556106567383 151.641799926758 149.907699584961 151.341201782227 152.616302490234 153.289901733398 153.717300415039 154.112594604492 154.588897705078 155.173400878906 155.623596191406 155.804992675781 155.661102294922 155.182601928711 154.632400512695 154.103698730469 153.675003051758 153.32470703125 153.080703735352 153.075393676758 153.175003051758 153.270004272461 153.05419921875 152.558700561523 152.179794311523 151.883697509766 151.570007324219 151.231292724609 150.888900756836 150.595001220703 150.364303588867 150.303298950195 150.076995849609 149.718597412109 149.921401977539 150.248992919922 150.294494628906 150.25 150.281204223633 150.348602294922 150.318893432617 150.134994506836
144.761093139648 148.137405395508 152.099594116211 152.596801757812 151.206100463867 149.412200927734 148.249206542969 150.680297851562 151.673706054688 152.277496337891 152.843795776367 153.488800048828 154.111206054688 154.681304931641 155.119995117188 155.285705566406 155.077499389648 154.608703613281 154.148803710938 153.783798217773 153.498596191406 153.276397705078 153.105697631836 153.163696289062 153.27180480957 153.216705322266 152.792297363281 152.369995117188 152.047500610352 151.774993896484 151.475006103516 151.149993896484 150.828704833984 150.548706054688 150.343994140625 150.246704101562 149.780395507812 149.234100341797 149.582595825195 150.202194213867 150.16130065918 150.072494506836 150.065002441406 150.110305786133 150.094100952148 149.960006713867
143.283493041992 147.219604492188 149.910903930664 149.37109375 148.756698608398 146.189193725586 147.592498779297 149.824996948242 150.628402709961 151.318695068359 152.09880065918 152.938598632812 153.529998779297 153.932495117188 154.178695678711 154.210296630859 154.018707275391 153.776000976562 153.584701538086 153.458892822266 153.339996337891 153.227493286133 153.154006958008 153.229095458984 153.27360534668 153.05110168457 152.614807128906 152.262496948242 151.978805541992 151.691101074219 151.366195678711 151.023803710938 150.747695922852 150.5 150.285995483398 149.976806640625 149.288192749023 148.805603027344 149.152099609375 149.713897705078 149.913497924805 149.848602294922 149.762496948242 149.720001220703 149.720001220703 149.687606811523
142.430694580078 146.169998168945 147.350494384766 146.658294677734 146.494094848633 142.673797607422 147.940200805664 149.753295898438 150.053298950195 150.584503173828 151.386199951172 152.297607421875 152.886199951172 153.086303710938 153.152404785156 152.987396240234 152.800003051758 152.831298828125 153.01530456543 153.134994506836 153.177307128906 153.184997558594 153.163299560547 153.197998046875 153.13639831543 152.878692626953 152.529998779297 152.233795166016 151.951202392578 151.617492675781 151.244003295898 150.865997314453 150.651397705078 150.455001831055 150.156600952148 149.589996337891 149.007507324219 148.836700439453 149.011993408203 149.321105957031 149.544204711914 149.507598876953 149.384994506836 149.306304931641 149.331207275391 149.387496948242
140.092407226562 143.282897949219 144.70719909668 143.410903930664 140.417205810547 142.814697265625 147.698303222656 149.47380065918 149.916000366211 150.116394042969 150.75129699707 151.628692626953 152.187606811523 152.343795776367 152.302597045898 152.089904785156 151.922698974609 152.066192626953 152.413803100586 152.764694213867 153.006698608398 153.10400390625 153.117492675781 153.088592529297 152.981399536133 152.770004272461 152.524993896484 152.252502441406 151.923706054688 151.522598266602 151.086196899414 150.678894042969 150.524993896484 150.399993896484 149.973007202148 149.244400024414 148.849105834961 148.85400390625 148.994995117188 149.171401977539 149.198699951172 149.107406616211 149.014694213867 148.964401245117 149.012405395508 149.149993896484
133.990798950195 141.889404296875 143.637802124023 138.415603637695 135.167297363281 147.043395996094 147.901596069336 148.902801513672 149.373992919922 149.709396362305 150.428802490234 151.203796386719 151.634994506836 151.772506713867 151.652496337891 151.422500610352 151.273696899414 151.446197509766 151.835006713867 152.341400146484 152.780700683594 152.960006713867 152.962493896484 152.903701782227 152.837295532227 152.740005493164 152.549697875977 152.22900390625 151.843795776367 151.377593994141 150.895004272461 150.471298217773 150.296401977539 150.076400756836 149.529800415039 148.97900390625 148.847503662109 148.910003662109 148.899993896484 149.032592773438 148.910400390625 148.85270690918 148.850006103516 148.839996337891 148.892501831055 149.046493530273
138.08740234375 143.669998168945 140.326599121094 132.767501831055 134.589004516602 146.78239440918 148.24690246582 148.485794067383 148.190399169922 149.007797241211 150.159606933594 150.870803833008 151.229797363281 151.285400390625 151.060104370117 150.80110168457 150.70979309082 150.888702392578 151.307403564453 151.866302490234 152.412796020508 152.694198608398 152.699996948242 152.648696899414 152.658905029297 152.653396606445 152.451400756836 152.097595214844 151.690002441406 151.181198120117 150.672607421875 150.231201171875 149.943603515625 149.5 149.019897460938 148.731796264648 148.618194580078 148.659103393555 148.302993774414 148.464996337891 148.90950012207 148.987503051758 149.026306152344 149.044998168945 149.095993041992 149.081100463867
136.784698486328 139.008804321289 134.583099365234 126.508903503418 145.190002441406 145.505996704102 146.647796630859 146.639999389648 147.083099365234 147.897399902344 149.098907470703 150.145004272461 150.812896728516 150.842498779297 150.354400634766 150.179992675781 150.206298828125 150.384994506836 150.787506103516 151.387496948242 151.938705444336 152.261306762695 152.34880065918 152.337203979492 152.337600708008 152.326095581055 152.138793945312 151.816192626953 151.416198730469 150.913696289062 150.45719909668 150.131195068359 149.570404052734 149.026092529297 148.923294067383 148.341003417969 147.44709777832 146.991806030273 147.143798828125 147.994995117188 149.410003662109 149.14599609375 149.163299560547 149.220001220703 149.176696777344 149.126693725586
130.784194946289 132.687698364258 124.525703430176 126.800796508789 142.460296630859 142.571197509766 141.470794677734 141.897796630859 143.759292602539 145.9541015625 147.781204223633 148.981292724609 149.943603515625 150.164703369141 149.733001708984 149.71760559082 149.737396240234 149.861297607422 150.271194458008 150.932601928711 151.452392578125 151.753692626953 151.881301879883 151.878997802734 151.854995727539 151.84260559082 151.677597045898 151.403701782227 151.070007324219 150.601303100586 150.233505249023 150.205200195312 149.154403686523 148.024002075195 148.994094848633 148.535903930664 144.925003051758 144.494598388672 146.75959777832 149.182693481445 149.365005493164 149.030700683594 149.092193603516 149.19709777832 149.149993896484 149.156692504883
122.396301269531 118.782501220703 116.82389831543 135.451599121094 129.994995117188 129.639602661133 131.967498779297 136.967193603516 142.497695922852 145.703094482422 146.895599365234 147.463806152344 147.626205444336 148.49040222168 149.326904296875 149.362503051758 149.192306518555 149.307495117188 149.773803710938 150.431106567383 150.914901733398 151.183807373047 151.257400512695 151.256195068359 151.271194458008 151.283706665039 151.164993286133 150.934997558594 150.669998168945 150.367492675781 150.07600402832 149.891693115234 148.882400512695 146.610107421875 145.367401123047 147.910003662109 143.955902099609 144.545394897461 147.245895385742 149.159698486328 149.228607177734 149.039199829102 149.074996948242 149.145004272461 149.139999389648 149.175003051758
109.217102050781 109.710296630859 126.41300201416 124.939697265625 123.674499511719 129.169998168945 138.944702148438 142.806900024414 145.121200561523 145.819702148438 145.395706176758 145.484298706055 145.389892578125 147.94580078125 148.786102294922 148.764205932617 148.527694702148 148.671203613281 149.119995117188 149.691299438477 150.215301513672 150.448501586914 150.483703613281 150.552505493164 150.656204223633 150.763793945312 150.722503662109 150.503692626953 150.217498779297 150.152099609375 149.853607177734 149.437805175781 148.322296142578 146.068496704102 143.767196655273 143.234802246094 144.29150390625 146.087097167969 148.050399780273 148.929992675781 149.203598022461 149.171295166016 149.153793334961 149.139999389648 149.154006958008 149.241302490234
108.098899841309 116.151000976562 114.495101928711 119.427001953125 128.454406738281 136.132995605469 139.082397460938 139.851501464844 143.266204833984 143.257400512695 142.801300048828 142.397903442383 146.008895874023 147.312194824219 147.861801147461 147.902496337891 147.836196899414 148.031295776367 148.443801879883 148.806198120117 149.143600463867 149.391403198242 149.638793945312 149.898696899414 150.139999389648 150.330001831055 150.382598876953 150.22590637207 149.868606567383 149.565399169922 149.22380065918 148.821304321289 147.879806518555 145.772705078125 143.652694702148 142.819305419922 144.690093994141 147.107894897461 148.57209777832 148.869003295898 149.134994506836 149.276397705078 149.256500244141 149.162902832031 149.164001464844 149.255004882812
100.099998474121 103.361297607422 110.948402404785 122.60530090332 127.968399047852 131.45979309082 135.898895263672 139.679092407227 139.772903442383 139.150405883789 139.681701660156 142.801605224609 146.044799804688 146.324493408203 146.713500976562 147.065002441406 147.390594482422 147.639694213867 147.772705078125 147.957504272461 148.026504516602 148.309906005859 148.878692626953 149.383697509766 149.768798828125 150.017501831055 150.04460144043 149.823699951172 149.38639831543 148.863693237305 148.333801269531 147.978393554688 147.442398071289 145.868804931641 143.773101806641 142.573699951172 144.524002075195 146.977905273438 148.560501098633 148.896896362305 149.1875 149.345001220703 149.298492431641 149.162002563477 149.158599853516 149.259994506836
100.205703735352 105.403800964355 112.631202697754 121.156799316406 125.090301513672 129.870300292969 134.791000366211 136.039901733398 135.442199707031 133.426193237305 139.086898803711 143.353500366211 143.960693359375 144.626403808594 145.740905761719 146.136306762695 146.778503417969 147.410293579102 146.260299682617 146.292495727539 147.496505737305 147.818603515625 148.412506103516 148.971298217773 149.433700561523 149.751098632812 149.672103881836 149.270202636719 148.733795166016 148.143600463867 147.406295776367 146.88020324707 146.13850402832 145.221893310547 143.614700317383 142.446304321289 144.742599487305 146.913497924805 148.352096557617 148.972396850586 149.318099975586 149.323303222656 149.210006713867 149.110900878906 149.143600463867 149.285003662109
102.897102355957 105.208396911621 107.85530090332 114.09220123291 123.369003295898 126.837699890137 128.825103759766 129.191497802734 127.048698425293 132.244201660156 137.204696655273 140.693206787109 140.27799987793 143.489395141602 144.575500488281 144.796295166016 145.388107299805 144.565002441406 141.679092407227 146.845001220703 147.673294067383 147.880996704102 148.155197143555 148.612503051758 149.12890625 149.52180480957 149.307800292969 148.661407470703 147.968704223633 147.280197143555 146.401306152344 145.674896240234 145.000793457031 144.682601928711 141.384994506836 141.906295776367 144.795196533203 146.673599243164 147.778106689453 148.894104003906 149.188400268555 149.073699951172 149.031097412109 149.037094116211 149.145599365234 149.345001220703
102.015098571777 104.041397094727 103.490699768066 108.27269744873 112.480003356934 114.266502380371 116.023399353027 119.834396362305 129.055206298828 129.595001220703 122.930603027344 122.138900756836 126.52010345459 138.565002441406 140.00520324707 143.362197875977 142.866592407227 136.552597045898 142.720306396484 146.300704956055 147.192993164062 147.465103149414 147.787200927734 148.268707275391 148.797607421875 149.225006103516 148.951293945312 148.171203613281 147.317504882812 146.302505493164 145.083694458008 144.079406738281 143.187698364258 142.434600830078 139.454803466797 142.281692504883 144.945297241211 146.654998779297 147.30290222168 147.924301147461 148.508102416992 148.648300170898 148.785003662109 148.956207275391 149.197296142578 149.436096191406
97.9043273925781 96.2492904663086 96.1385269165039 100.279998779297 97.6117324829102 108.677299499512 120.558296203613 122.807098388672 118.997497558594 107.084999084473 104.224998474121 104.315002441406 110.197898864746 116.039901733398 125.918998718262 140.710296630859 138.523406982422 128.476196289062 141.951995849609 144.485000610352 145.433700561523 146.202697753906 147.003601074219 147.748397827148 148.336303710938 148.721496582031 148.542602539062 147.93879699707 147.059005737305 145.776306152344 144.196197509766 142.206893920898 139.753601074219 138.63200378418 138.025497436523 140.080001831055 145.52799987793 146.961395263672 147.256103515625 147.432495117188 147.75700378418 148.16259765625 148.546401977539 148.953506469727 149.276306152344 149.521392822266
