INPUT/DGM40_EPSG31468.asc
NCOLS 291 
NROWS 282 
XLLCORNER 4476880 
YLLCORNER 5718200 
CELLSIZE 40 
NODATA_value -3.4e+38 
[rows 80 to 99 of 282, columns 138 to 183 of 291]
74.0915908813477 74.3123779296875 74.2267379760742 74.6873474121094 76.6932373046875 80.0657577514648 80.405403137207 84.2038803100586 85.0425567626953 85.9018173217773 88.5079879760742 93.7250137329102 87.4811325073242 84.1940536499023 88.1263732910156 89.6983032226562 90.4564666748047 81.7799987792969 95.7618637084961 93.1738204956055 89.405387878418 88.8331069946289 89.7176284790039 92.8004608154297 90.5389099121094 95.2018585205078 95.9123992919922 95.8750686645508 96.0474319458008 96.5781021118164 96.4725723266602 96.0439529418945 96.4698028564453 97.3776702880859 96.950798034668 97.1474990844727 96.9978866577148 97.1614227294922 97.0159301757812 97.0325012207031 97.1725311279297 96.8599166870117 96.0987167358398 95.4502563476562 95.1831512451172 95.7077026367188
74.4400634765625 75.2515411376953 76.541618347168 78.9323425292969 86.7220687866211 95.3557968139648 100.75170135498 103.423896789551 103.139503479004 102.813301086426 100.330703735352 95.707649230957 91.0544967651367 90.1802673339844 93.2006072998047 93.6970367431641 94.3780975341797 85.1100006103516 93.2750091552734 94.0622482299805 92.1457824707031 91.6376800537109 92.4850769042969 96.3435974121094 95.1220092773438 96.995231628418 98.0738296508789 98.4563293457031 98.8217163085938 98.824577331543 98.0534973144531 97.5316772460938 98.3419799804688 100.122901916504 99.7822723388672 99.3145065307617 99.6663436889648 99.8820419311523 99.2527313232422 99.1536865234375 99.1798782348633 98.7942428588867 98.279670715332 98.4284362792969 99.2517929077148 100.063598632812
74.8538436889648 75.9275970458984 77.5477676391602 85.3571701049805 89.4760665893555 95.8811569213867 102.420097351074 104.908699035645 104.627601623535 103.310203552246 101.347198486328 96.8775100708008 96.4508590698242 98.0282363891602 97.67333984375 97.8645172119141 98.0659332275391 95.4400024414062 88.8099975585938 96.4974822998047 94.6287231445312 95.9718322753906 95.4479598999023 97.234977722168 97.0455093383789 99.8441314697266 101.738502502441 102.200202941895 102.143699645996 101.777099609375 100.14640045166 99.2716064453125 100.385200500488 102.508399963379 102.472602844238 102.102600097656 103.815101623535 103.484199523926 102.013702392578 101.724601745605 101.971397399902 101.992500305176 102.087600708008 103.135902404785 104.305702209473 104.480102539062
75.2195663452148 76.3624572753906 75.7265930175781 83.1471786499023 89.438117980957 95.0169830322266 100.038902282715 103.799003601074 103.617797851562 102.573501586914 100.096397399902 99.5773773193359 101.438003540039 102.638702392578 102.806297302246 102.323600769043 100.528503417969 95.9318237304688 89.2300033569336 99.353630065918 99.0148773193359 101.491203308105 100.172302246094 98.4589920043945 100.459602355957 100.471298217773 105.703300476074 105.809600830078 105.106796264648 103.994300842285 102.871299743652 102.745002746582 103.327499389648 105.816497802734 105.690299987793 105.277099609375 107.862503051758 106.944702148438 105.756500244141 104.700698852539 105.829803466797 106.280899047852 106.330001831055 107.446701049805 108.325897216797 108.797897338867
75.5289764404297 77.1968765258789 79.5944366455078 83.7588272094727 88.8374099731445 93.8694534301758 98.3885116577148 101.872901916504 103.247497558594 102.500999450684 102.401100158691 103.220497131348 105.623001098633 109.490501403809 108.931098937988 105.739097595215 103.10489654541 100.920997619629 97.6962432861328 103.843101501465 105.493301391602 105.129402160645 103.578796386719 103.023498535156 104.147201538086 99.0594635009766 105.999198913574 108.757797241211 107.706398010254 106.31120300293 105.055397033691 105.585800170898 106.673896789551 108.668098449707 110.081596374512 110.439399719238 111.398399353027 110.174301147461 108.227699279785 108.719299316406 110.518699645996 111.614501953125 110.694396972656 110.473297119141 110.980499267578 111.996200561523
75.5776901245117 77.5751495361328 80.254638671875 83.8312530517578 88.0992126464844 92.6426773071289 97.0947036743164 100.89640045166 103.515602111816 104.62190246582 105.325798034668 106.917999267578 108.797096252441 107.850700378418 107.696098327637 107.001602172852 104.243797302246 104.103202819824 103.093597412109 104.61799621582 106.701301574707 109.339996337891 108.190399169922 106.649696350098 106.931800842285 107.668601989746 105.950996398926 110.440803527832 110.167701721191 109.031997680664 107.825302124023 108.077301025391 109.356201171875 110.477897644043 113.109703063965 114.390800476074 115.222297668457 113.20059967041 111.851699829102 113.27269744873 114.296699523926 114.526901245117 113.753196716309 112.726097106934 113.591102600098 114.755699157715
75.1355209350586 77.185302734375 79.7769088745117 82.9809036254883 86.7279205322266 90.919563293457 95.8273086547852 101.025703430176 103.743598937988 105.708602905273 106.75520324707 107.24340057373 106.707298278809 106.384696960449 106.81379699707 106.870796203613 106.02269744873 106.060203552246 105.583702087402 105.073997497559 106.220001220703 107.318901062012 106.919502258301 107.554496765137 108.934997558594 110.103996276855 110.64990234375 106.264999389648 111.383399963379 111.569198608398 110.507400512695 110.189903259277 111.979499816895 113.051498413086 114.531799316406 115.479400634766 115.252899169922 115.537498474121 115.83080291748 116.367500305176 116.746398925781 116.484703063965 115.760101318359 114.594299316406 115.059196472168 116.442001342773
74.1581268310547 76.0500030517578 78.388786315918 81.2048034667969 84.4157333374023 87.8416213989258 92.8514633178711 100.051696777344 103.343597412109 104.43229675293 105.681900024414 105.864898681641 105.481201171875 105.63639831543 106.17610168457 106.908500671387 108.023597717285 108.09839630127 107.370300292969 106.887496948242 106.529502868652 106.419998168945 106.681701660156 107.354598999023 109.514198303223 111.904998779297 113.278503417969 111.065002441406 111.159400939941 113.46849822998 113.597099304199 113.050300598145 114.713897705078 115.866203308105 116.375602722168 117.218803405762 117.160202026367 117.880500793457 118.528503417969 118.955001831055 119.481399536133 119.146301269531 118.042503356934 116.759696960449 117.031196594238 117.803398132324
72.6463088989258 74.226921081543 76.1824569702148 78.5350036621094 81.2544326782227 84.1227416992188 88.5073394775391 99.1342620849609 102.377601623535 102.220100402832 101.731399536133 104.229301452637 105.979400634766 106.099502563477 106.580101013184 107.251899719238 108.301399230957 108.795997619629 108.313697814941 107.803703308105 107.432502746582 106.960800170898 106.95189666748 107.900001525879 109.519599914551 112.331802368164 114.012603759766 114.615699768066 112.995300292969 114.725799560547 115.860702514648 116.268501281738 117.815803527832 118.707099914551 119.620002746582 120.243797302246 120.493896484375 121.207099914551 122.076301574707 122.330596923828 122.416297912598 121.859802246094 120.917602539062 119.857299804688 119.208000183105 119.411399841309
70.6026382446289 71.7316665649414 73.1550827026367 74.921760559082 77.2188415527344 80.1063613891602 83.3404998779297 90.1273574829102 96.5189437866211 97.5842437744141 98.9924926757812 103.458297729492 106.784698486328 107.24520111084 107.545402526855 107.445899963379 107.864898681641 109.212898254395 109.065399169922 108.627502441406 108.276100158691 107.885200500488 107.811096191406 108.716201782227 110.077201843262 112.389099121094 113.873596191406 115.083702087402 115.402297973633 115.296096801758 116.211700439453 117.368797302246 118.673797607422 120.25350189209 121.934303283691 122.741203308105 123.047500610352 124.193702697754 125.222297668457 125.347702026367 125.212501525879 124.443801879883 123.919799804688 122.964401245117 121.88990020752 121.730903625488
67.6408233642578 68.2383575439453 68.7190628051758 69.3442611694336 71.9767837524414 74.9537200927734 80.1211318969727 84.0581970214844 88.776611328125 93.8559799194336 98.7924194335938 103.369102478027 106.740097045898 108.415397644043 108.159400939941 107.733299255371 107.861297607422 109.252502441406 109.712997436523 109.419998168945 108.828300476074 108.663299560547 108.888900756836 109.898597717285 111.15119934082 112.652702331543 114.093597412109 115.519996643066 116.131301879883 116.516502380371 117.285697937012 117.886596679688 119.001403808594 120.596900939941 122.602500915527 124.143798828125 125.398902893066 126.172897338867 126.898300170898 127.232498168945 127.158699035645 126.95719909668 126.477699279785 125.373901367188 124.221900939941 123.475303649902
67.6435165405273 67.7322692871094 67.709846496582 67.6857223510742 67.6716232299805 68.452507019043 74.7644500732422 85.5363006591797 90.1848831176758 96.2229690551758 100.126602172852 104.017997741699 106.688598632812 108.707298278809 108.976600646973 108.293403625488 108.008796691895 109.235298156738 110.257499694824 110.149398803711 109.497299194336 109.375 109.819198608398 111.098701477051 112.599998474121 113.884902954102 115.21900177002 115.896697998047 116.474098205566 117.324203491211 118.312599182129 118.650100708008 119.410499572754 121.061996459961 122.996803283691 124.638999938965 126.02140045166 127.275299072266 128.721405029297 129.270797729492 129.096496582031 128.74870300293 128.295806884766 127.47380065918 126.535499572754 125.250396728516
67.6699676513672 67.6447067260742 68.0528564453125 69.0554580688477 67.4649963378906 67.3974990844727 69.725212097168 74.8265762329102 90.1544570922852 98.1645736694336 99.1449966430664 104.663299560547 106.541801452637 108.933502197266 109.602996826172 108.756202697754 108.530502319336 109.094802856445 110.316802978516 110.345001220703 109.970001220703 110.253402709961 111.105201721191 112.211196899414 114.644996643066 115.394401550293 115.808197021484 116.288597106934 117.024597167969 117.964698791504 118.661201477051 119.236297607422 120.011100769043 121.653602600098 123.336196899414 125.126403808594 126.482299804688 128.113006591797 129.782302856445 130.266693115234 130.156005859375 129.708602905273 129.252304077148 128.768905639648 128.241195678711 127.125396728516
67.6268768310547 67.5744934082031 67.7850036621094 69.0818634033203 69.1955337524414 67.4184417724609 67.8616561889648 67.7688903808594 73.1600036621094 96.5749969482422 99.6774597167969 103.715301513672 105.35880279541 108.280799865723 110.49299621582 110.392700195312 108.90599822998 109.019203186035 110.478897094727 110.598602294922 109.849998474121 112.014999389648 112.608497619629 113.466499328613 114.967903137207 115.720001220703 116.093696594238 116.911201477051 117.792701721191 118.438598632812 118.856300354004 119.532501220703 120.574897766113 121.850997924805 123.352401733398 125.230201721191 126.862800598145 128.473403930664 129.866394042969 130.421203613281 130.340393066406 130.039505004883 129.764694213867 129.520797729492 129.173599243164 128.407302856445
67.6863327026367 67.6440200805664 67.5527572631836 69.1936798095703 70.0152206420898 69.1999969482422 67.3563613891602 66.9477767944336 67.6108474731445 73.8000030517578 94.6750030517578 99.6122283935547 102.098503112793 106.748802185059 110.436698913574 110.864898681641 108.974998474121 109.144996643066 110.826698303223 110.961601257324 111.759399414062 111.972198486328 112.568397521973 113.373802185059 114.341300964355 115.185203552246 115.762001037598 117.126800537109 118.21849822998 118.667198181152 119.057502746582 119.715202331543 120.818801879883 121.955001831055 123.22380065918 125.033699035645 126.71369934082 128.281295776367 129.675796508789 130.184494018555 130.16389465332 130.126205444336 130.056198120117 129.983703613281 129.898101806641 129.446395874023
67.7391128540039 67.745002746582 67.2771682739258 69.3450012207031 70.3300018310547 69.7085494995117 68.1203231811523 67.786376953125 67.2683181762695 67.6827926635742 74.1086730957031 89.7151412963867 96.8681716918945 103.972999572754 108.354202270508 108.944602966309 108.978698730469 109.557800292969 111.270401000977 110.348999023438 104.199996948242 103.013603210449 109.868202209473 112.557502746582 113.80940246582 114.762397766113 115.029296875 116.572601318359 117.972099304199 118.690002441406 119.137496948242 119.81120300293 120.930000305176 122.058700561523 123.286201477051 124.906303405762 126.486198425293 127.995002746582 129.433898925781 130.057098388672 130.276000976562 130.403701782227 130.410003662109 130.380004882812 130.393493652344 130.25
67.8166198730469 67.6422729492188 67.5746383666992 67.2799987792969 70.0783462524414 69.876823425293 68.6064987182617 68.1399993896484 67.509033203125 66.3899993896484 67.8326797485352 73.6699981689453 90.0285034179688 99.9752197265625 98.8270568847656 93.4279174804688 93.4226303100586 101.043296813965 96.9854431152344 100.799797058105 106.989898681641 111.211303710938 112.213096618652 113.029998779297 113.935096740723 114.926300048828 115.588798522949 116.836402893066 117.969596862793 118.593696594238 119.147300720215 119.865097045898 120.990196228027 122.116203308105 123.367401123047 124.978897094727 126.443801879883 127.89510345459 129.301300048828 130.139999389648 130.567398071289 130.80290222168 130.786193847656 130.679992675781 130.600006103516 130.531799316406
67.9064636230469 67.7040634155273 67.6228485107422 67.2643432617188 69.1799926757812 69.2972717285156 68.4250030517578 67.9560623168945 67.5870895385742 66.855110168457 67.1133270263672 69.1374816894531 77.0043869018555 90.1076965332031 82.3496932983398 79.4899978637695 83.0482635498047 91.9564666748047 107.790000915527 109.123497009277 110.044097900391 112.18049621582 113.224403381348 113.790397644043 114.097602844238 115.107597351074 116.15650177002 117.412200927734 118.10530090332 118.62629699707 119.250297546387 119.861396789551 120.839996337891 122.016296386719 123.402496337891 124.962501525879 126.346199035645 127.775001525879 129.170196533203 130.130798339844 130.756607055664 131.050003051758 130.951797485352 130.750396728516 130.636703491211 130.565002441406
68.0082626342773 67.7645568847656 67.6473236083984 67.4055862426758 67.4042816162109 67.620002746582 67.7516021728516 67.675666809082 67.5833282470703 67.4762802124023 67.6173934936523 67.9359588623047 70.7489395141602 72.994873046875 83.5223236083984 98.0722732543945 103.897399902344 107.300102233887 108.953300476074 110.660003662109 111.687698364258 112.444602966309 113.184898376465 113.823303222656 113.90599822998 114.157402038574 115.650596618652 117.219596862793 118.12370300293 118.374900817871 119.131103515625 119.628799438477 120.362396240234 121.595100402832 123.154197692871 124.69229888916 125.972503662109 127.367599487305 128.964996337891 129.941497802734 130.67170715332 130.947494506836 130.742706298828 130.513595581055 130.501495361328 130.522598266602
68.1207122802734 67.8404769897461 67.4915313720703 67.5884017944336 67.6694717407227 67.6699981689453 67.5633316040039 67.5699996948242 67.6336364746094 67.7040023803711 67.5899963378906 67.8943405151367 70.4154205322266 72.3368072509766 77.4899978637695 92.6107177734375 102.317398071289 104.828903198242 107.514801025391 110.701599121094 109.379997253418 108.527603149414 112.637901306152 112.978401184082 114.334800720215 114.160400390625 114.099998474121 116.424102783203 117.98030090332 118.930000305176 118.330001831055 118.86319732666 119.449996948242 120.542900085449 121.765502929688 123.586799621582 125.222099304199 126.870101928711 128.700897216797 129.347503662109 130.090301513672 130.412704467773 130.180999755859 130.053604125977 130.20979309082 130.245895385742
