INPUT/DGM90_EPSG31468.asc
NCOLS 129 
NROWS 125 
XLLCORNER 4476919.83780584 
YLLCORNER 5718222.05069512 
CELLSIZE 90.002870807944 
NODATA_value -32768 
[rows 42 to 83 of 125, columns 0 to 94 of 129]
160 162 161 159 156 154 155 155 155 155 154 153 153 152 151 150 145 143 140 140 140 139 138 135 133 128 124 119 111 115 126 127 127 125 126 115 114 116 117 114 111 107 100 97 92 89 84 81 77 72 70 69 70 69 68 67 67 67 66 66 68 70 70 68 67 76 94 103 104 105 107 109 113 115 117 117 119 124 126 129 129 128 126 123 119 119 118 118 118 116 115 112 111 108 107
159 163 164 163 160 158 157 156 156 156 156 153 153 152 151 150 145 143 140 140 140 139 138 135 133 128 124 119 111 115 126 127 127 125 126 126 125 125 123 121 117 113 104 105 106 104 101 100 96 85 78 70 71 70 70 70 70 70 70 69 69 71 71 69 67 68 79 90 96 102 108 110 113 114 116 117 119 125 128 129 129 128 126 124 121 121 120 119 119 117 116 114 113 109 108
159 163 164 163 160 158 157 156 156 156 156 157 156 154 152 151 146 145 144 144 144 143 140 135 133 126 121 116 121 129 132 133 134 134 134 133 132 131 129 126 122 118 112 113 117 116 113 112 112 106 101 73 71 71 71 70 71 71 70 69 68 67 68 68 66 66 70 90 97 104 102 104 109 112 116 117 119 124 127 129 129 126 125 124 123 123 122 121 120 119 118 115 113 108 107
158 159 166 166 164 161 159 157 157 158 157 157 157 156 154 153 149 148 147 148 147 143 140 132 127 121 117 112 125 132 136 137 138 139 139 139 138 136 135 132 128 124 117 120 126 125 123 122 120 114 111 85 77 72 72 72 70 70 73 72 69 67 67 67 68 66 69 86 88 90 87 87 94 101 113 115 117 122 125 126 126 126 125 124 123 123 121 120 119 117 117 115 113 110 109
159 156 162 163 165 164 162 159 159 160 159 159 158 157 155 154 151 151 150 150 148 138 135 129 127 124 121 118 122 128 136 137 140 142 142 141 140 140 139 134 132 129 124 126 130 130 128 126 125 120 116 102 93 76 75 74 72 73 75 73 70 69 68 67 68 66 67 77 79 81 90 92 96 99 111 116 118 121 123 125 125 125 125 124 122 122 121 121 119 118 117 116 115 114 113
160 158 156 159 164 165 164 162 162 160 159 159 159 159 158 157 154 154 152 151 147 139 139 138 137 132 131 130 123 123 132 136 143 145 145 145 143 142 141 139 137 134 133 134 135 134 132 131 130 125 122 109 105 98 93 87 82 80 76 75 73 72 70 68 68 66 67 78 84 91 102 104 107 107 112 115 117 121 123 124 124 124 124 122 121 121 121 121 120 118 117 117 117 116 116
161 160 158 159 162 164 164 163 163 162 161 159 159 160 160 159 157 156 154 152 149 148 147 144 142 139 138 137 127 123 128 134 143 147 147 147 146 145 144 142 140 138 138 138 141 139 136 135 133 128 124 118 117 113 110 106 95 90 81 80 78 77 74 68 65 66 66 80 90 100 106 107 109 110 113 115 119 120 122 122 122 122 122 122 122 122 121 121 120 118 117 117 118 116 116
159 158 158 159 160 162 163 164 164 163 162 161 161 161 160 160 159 158 155 152 152 152 151 148 145 143 142 140 131 125 128 133 143 147 148 148 147 147 146 145 144 143 145 145 144 143 140 138 135 129 126 123 122 119 117 114 99 96 87 86 85 84 82 75 69 67 66 77 87 101 106 106 107 108 111 114 116 117 119 120 120 122 122 122 122 122 121 121 120 118 117 117 118 116 116
158 159 158 158 159 159 159 161 161 162 164 164 163 161 162 162 160 160 158 157 157 154 153 148 145 141 138 135 130 127 133 138 145 147 148 149 150 152 153 154 153 152 152 152 151 150 146 144 143 139 137 130 126 120 118 115 114 112 103 86 85 84 80 75 69 67 66 77 87 101 106 106 107 108 111 114 116 117 119 120 120 122 122 122 122 122 122 123 120 120 118 118 118 117 117
159 160 158 158 159 160 159 159 159 161 162 164 164 163 163 162 161 161 159 158 158 150 149 144 141 139 137 134 128 126 133 138 145 148 149 149 150 152 153 154 153 152 152 152 151 150 146 144 143 139 137 130 126 120 118 115 114 112 103 102 100 98 90 86 81 69 65 72 81 98 106 111 119 121 121 120 121 121 121 120 120 121 122 123 123 123 123 123 121 120 121 121 120 122 122
159 158 158 159 161 161 160 159 159 160 161 164 164 163 163 162 161 161 159 158 158 150 149 144 141 139 137 134 128 126 133 138 145 148 149 151 152 154 155 157 157 156 155 154 152 151 149 147 144 142 139 131 128 124 124 122 121 119 114 112 107 104 96 91 86 68 63 67 76 94 104 110 118 121 125 125 125 124 122 122 121 122 123 124 124 124 124 124 123 121 122 122 122 122 122
159 158 158 159 161 161 160 159 159 160 161 162 163 164 163 163 163 162 161 160 159 153 152 148 145 141 140 138 134 131 132 138 146 149 151 151 153 156 157 159 159 158 157 156 153 152 151 150 146 143 140 132 130 130 130 128 127 127 122 120 114 111 105 100 94 70 63 66 71 84 93 100 111 116 124 125 124 124 123 122 122 124 124 124 125 125 125 124 124 123 123 123 123 123 122
158 158 159 159 160 161 160 159 159 160 160 159 160 162 163 164 164 163 162 162 158 157 156 152 150 144 143 142 137 132 133 138 147 151 152 153 155 157 158 160 159 158 158 158 155 154 152 151 148 145 141 136 137 134 134 133 133 132 126 124 119 116 111 105 98 73 66 66 70 87 100 103 107 107 118 120 121 121 122 122 122 124 124 126 127 127 126 125 126 125 124 124 123 123 123
159 158 159 160 161 161 160 160 160 160 160 160 160 162 162 162 164 164 165 164 160 158 156 152 149 144 143 139 135 132 136 140 148 151 154 154 156 158 159 159 159 159 159 159 157 156 154 153 149 147 145 142 140 138 138 137 136 135 130 128 124 121 115 108 100 77 66 67 68 86 102 112 122 122 121 121 121 121 121 124 125 126 127 128 128 128 128 127 127 126 125 125 124 125 125
160 159 159 160 161 161 160 161 161 160 161 161 161 161 161 161 163 163 165 166 161 159 157 152 148 145 143 140 137 135 139 140 145 149 152 153 155 158 159 159 159 159 158 157 157 156 155 154 151 151 150 146 144 144 143 141 140 139 133 131 126 123 116 110 103 86 68 69 69 79 90 108 127 128 124 122 121 122 123 127 128 130 130 129 128 129 130 129 128 128 127 127 126 126 126
160 160 161 161 160 161 161 161 161 161 162 163 163 162 162 161 161 162 164 166 163 161 160 155 152 148 147 143 140 139 147 147 146 147 151 152 155 156 157 157 157 157 156 155 156 156 156 155 153 153 152 148 146 145 145 144 143 142 137 134 128 125 117 112 106 94 70 68 68 73 79 100 124 127 126 125 122 124 126 129 130 132 131 130 130 130 130 131 130 130 129 128 127 127 127
162 161 161 161 162 162 161 162 162 162 162 164 164 164 163 162 161 161 163 165 165 164 162 157 153 147 146 143 141 141 149 151 153 153 156 157 158 158 158 158 157 155 154 154 155 155 156 156 155 154 153 150 148 147 147 146 145 144 139 137 132 129 120 116 111 99 74 69 68 70 73 91 118 127 127 126 125 126 127 130 131 134 133 131 130 130 130 131 130 130 129 128 127 127 127
164 164 162 162 162 163 162 163 163 164 165 164 164 164 164 163 163 163 162 163 163 162 161 158 156 151 149 147 144 141 148 150 154 155 159 159 161 162 161 160 159 156 155 154 155 155 156 157 156 156 156 151 150 150 150 148 146 146 142 137 132 129 120 116 111 99 74 69 68 70 73 91 118 127 127 126 125 126 127 130 131 134 133 131 131 131 132 133 132 132 130 130 130 129 129
165 165 164 164 164 163 163 164 164 165 166 165 165 165 165 164 164 164 164 163 162 161 160 158 157 153 152 148 145 143 146 148 152 155 159 159 161 162 161 160 159 156 155 154 155 155 156 157 156 156 156 151 150 150 150 148 146 146 142 140 136 133 127 124 120 103 80 68 67 68 70 89 119 130 127 126 128 128 129 130 131 132 132 132 133 133 134 133 134 133 132 132 132 131 131
167 166 167 166 165 164 164 164 165 166 167 165 165 165 165 164 164 164 164 163 162 161 160 158 157 153 152 148 145 143 146 148 152 155 159 159 160 161 161 161 160 157 154 154 155 156 157 157 157 157 156 153 152 151 151 149 148 148 145 144 140 137 130 125 120 103 80 68 68 68 69 90 122 132 126 127 131 131 130 132 132 132 133 135 135 135 135 135 135 134 133 133 133 132 133
167 166 167 166 165 164 164 164 165 166 167 165 165 166 166 165 163 163 164 163 159 160 160 159 157 154 152 149 147 147 148 148 148 149 152 152 154 155 156 158 158 158 158 156 153 154 156 157 157 156 155 154 153 154 153 152 152 152 150 148 141 136 107 99 91 77 67 69 70 72 73 91 117 124 132 139 143 143 143 142 141 139 138 137 138 138 138 137 137 136 134 135 136 137 137
167 167 167 166 165 164 165 164 164 165 165 164 164 163 164 165 163 163 163 163 159 156 156 156 158 156 155 151 148 147 148 149 150 151 151 151 152 153 154 154 155 157 157 157 154 155 157 158 157 157 156 157 157 156 156 155 154 153 150 149 143 139 98 85 72 67 67 70 70 71 73 84 101 108 133 141 149 149 149 147 146 141 141 140 139 139 139 138 138 136 136 136 137 138 138
168 168 167 166 165 165 165 164 164 163 164 164 164 162 162 162 161 161 161 162 160 159 155 151 151 155 155 152 149 147 150 151 152 151 151 151 151 152 152 152 153 156 157 157 155 155 156 157 157 157 157 158 159 158 157 156 155 153 149 147 135 125 87 78 68 67 69 70 70 74 78 83 94 100 131 141 151 151 152 149 149 143 142 141 140 140 140 140 139 139 138 138 137 138 138
170 169 169 168 167 166 164 163 163 163 163 163 163 162 161 159 158 158 159 160 160 159 157 151 147 148 150 151 150 149 150 150 151 150 150 150 150 151 152 152 153 155 156 156 156 156 157 156 157 158 159 160 160 159 158 155 153 152 145 136 110 93 70 70 69 70 70 73 75 79 81 85 93 98 129 141 151 151 151 149 149 146 145 144 143 143 142 141 140 140 139 139 138 140 139
170 170 169 169 167 166 164 163 163 161 160 160 160 161 160 159 156 156 157 158 158 157 155 150 147 142 144 148 150 151 150 150 149 150 151 151 150 150 151 152 152 153 154 155 155 155 155 157 158 159 160 160 161 159 157 153 151 148 137 118 85 71 68 69 71 70 71 77 79 82 84 88 96 100 133 146 152 152 152 151 150 149 148 146 146 146 144 143 142 141 141 141 141 140 140
171 170 169 168 165 164 163 162 161 159 158 156 156 155 156 157 153 153 155 156 156 154 153 149 146 141 141 143 147 147 148 148 147 148 148 149 150 149 148 150 151 152 153 153 153 153 154 156 157 158 160 160 161 159 157 152 149 146 124 103 74 66 69 70 71 72 76 80 82 86 88 90 96 100 132 144 153 153 153 153 152 151 150 149 146 146 144 143 142 141 141 141 141 140 140
172 171 170 169 166 165 164 163 162 159 157 157 157 156 155 153 151 151 152 153 152 150 149 148 147 142 140 137 140 142 144 145 147 146 148 148 148 147 146 148 149 151 152 152 151 152 154 155 157 157 158 161 160 158 157 152 149 145 119 103 74 66 69 70 71 72 76 80 82 86 88 90 96 100 132 144 153 153 153 153 152 151 150 149 149 148 145 144 144 143 142 142 141 141 141
173 172 171 170 169 167 165 165 164 161 159 160 160 158 157 155 152 151 149 147 149 148 147 145 144 142 140 137 137 138 140 141 144 146 146 148 148 147 146 148 149 151 152 152 151 152 154 155 157 157 158 161 160 158 157 152 149 145 119 96 70 66 69 70 71 77 82 85 89 94 95 96 100 104 133 142 153 153 154 154 154 153 152 150 149 148 146 145 145 143 143 143 143 142 142
175 174 173 173 171 168 166 167 166 163 162 160 160 158 157 155 152 151 149 147 149 148 147 145 144 142 140 137 137 138 140 141 144 146 146 146 147 145 143 146 147 149 151 151 151 152 155 156 157 157 158 160 159 158 156 151 148 144 121 97 70 67 69 72 75 90 94 94 94 100 106 108 112 114 133 140 152 153 155 155 155 154 153 151 150 149 148 147 146 145 145 145 144 144 144
175 174 173 173 171 168 166 167 166 163 162 161 161 157 156 155 153 152 149 147 145 145 144 142 140 139 138 136 135 134 135 137 142 144 145 145 143 142 143 146 147 148 148 147 151 152 154 155 157 157 158 159 158 156 155 150 146 143 119 97 71 66 69 79 90 106 105 105 105 107 111 116 124 127 138 144 154 155 156 156 156 155 154 153 152 151 149 148 147 146 146 146 145 144 143
177 175 174 173 171 169 168 168 167 165 164 162 161 159 157 155 152 151 148 146 144 143 142 140 139 138 137 135 133 132 132 134 137 139 142 142 140 138 140 144 145 146 146 146 150 151 154 155 156 157 158 158 157 157 155 150 147 143 114 96 72 66 70 81 93 115 114 115 115 115 116 123 133 137 144 148 154 155 156 157 157 156 155 153 152 151 150 149 148 148 147 147 147 147 147
178 177 174 173 171 170 170 169 169 167 166 164 163 160 159 157 153 152 150 149 146 145 144 143 142 140 140 138 135 134 131 131 133 135 138 138 138 142 145 146 147 149 150 150 153 153 154 154 156 156 156 157 157 156 155 150 147 142 112 96 73 67 68 72 76 101 119 122 122 120 117 125 136 139 145 146 151 153 155 156 156 156 156 154 153 152 150 150 148 148 149 149 149 149 149
179 178 176 176 175 173 172 171 170 169 168 165 165 163 162 161 158 157 154 153 152 150 148 146 146 145 144 142 140 138 135 133 129 128 131 131 136 144 146 147 148 149 150 151 152 152 154 156 156 156 155 154 154 153 151 148 146 143 125 109 84 76 70 69 68 69 81 117 127 137 137 135 134 137 144 146 151 152 154 156 156 155 155 155 154 154 154 153 152 153 153 153 153 152 151
179 178 177 177 176 175 173 171 171 170 169 167 167 164 163 161 159 158 156 155 153 152 151 149 148 145 145 143 141 139 138 136 131 128 125 128 136 142 144 145 146 148 149 150 151 152 154 155 154 154 155 153 152 151 148 142 139 138 127 116 93 80 72 70 68 67 69 89 109 134 138 138 141 144 148 149 151 152 153 154 154 156 156 156 155 155 155 155 155 156 156 156 156 155 154
179 178 177 177 175 174 174 173 172 171 170 169 169 166 165 163 161 159 156 155 154 153 152 150 149 146 145 144 142 140 140 138 134 132 125 127 132 137 139 142 143 145 146 147 151 152 154 154 154 154 153 152 150 147 144 134 127 124 115 108 98 96 80 75 70 65 66 74 90 118 130 134 142 145 149 150 152 152 153 154 155 157 157 158 155 155 155 155 155 156 156 156 156 155 154
177 177 176 176 176 175 174 173 172 171 171 170 170 166 165 164 161 160 157 155 154 153 152 151 150 147 146 144 142 141 139 138 135 133 127 125 125 129 132 138 140 143 144 145 150 151 152 153 154 154 153 151 149 140 138 133 130 129 120 118 98 96 80 75 70 65 66 74 90 118 130 134 142 145 149 150 152 152 153 154 155 157 157 158 158 158 158 157 157 158 157 157 157 156 156
174 175 174 174 174 174 173 173 170 170 171 170 169 166 165 163 162 161 159 157 153 151 148 146 144 145 145 144 142 139 137 137 136 135 130 125 127 129 132 138 140 143 144 148 150 151 152 153 154 154 153 151 149 140 138 133 130 129 120 118 114 111 89 83 76 67 67 69 79 102 114 122 136 141 148 149 152 153 154 154 155 158 158 159 160 160 160 160 159 160 159 158 157 156 156
172 171 171 171 171 172 172 171 169 169 168 170 169 166 165 163 162 161 159 157 153 151 148 146 144 145 145 144 142 139 137 137 136 135 130 127 124 129 134 138 140 143 144 148 150 151 152 152 153 153 152 150 148 138 137 137 139 137 134 132 127 125 103 97 83 74 66 69 75 90 99 113 119 126 139 143 147 150 154 155 156 158 159 160 159 160 162 161 161 161 160 160 160 158 158
172 171 171 171 171 172 172 171 169 169 168 169 168 165 164 163 163 161 159 158 150 145 141 138 134 135 137 139 137 134 131 132 134 134 132 129 120 125 131 138 139 142 144 148 150 151 153 154 153 153 151 148 146 145 146 147 146 143 144 142 137 134 129 122 101 88 66 68 72 81 87 97 101 106 129 141 150 151 154 156 157 159 160 161 160 161 162 163 162 161 161 161 161 160 160
164 163 164 164 166 169 170 170 169 169 168 166 166 162 162 162 163 162 157 153 145 140 128 127 125 122 125 128 127 124 121 123 129 132 130 128 119 123 127 134 136 141 144 148 149 151 153 154 154 153 151 149 147 149 150 151 150 149 148 148 147 146 142 135 111 93 66 67 72 85 93 112 112 113 126 133 151 152 155 156 157 161 161 162 163 163 163 163 162 161 162 162 161 161 161
157 152 152 155 158 162 166 167 166 165 164 164 164 161 160 159 160 158 150 145 138 137 125 122 119 115 115 114 113 114 116 117 123 129 129 126 119 122 126 134 136 141 144 148 150 151 152 152 153 153 152 151 150 152 153 154 154 155 153 153 153 152 150 143 112 88 68 67 74 93 105 121 126 132 134 133 146 149 153 155 156 161 161 161 162 161 161 162 160 159 159 159 159 160 160
153 146 143 145 148 153 159 162 164 162 160 160 160 159 158 155 154 152 144 138 130 131 129 123 116 109 110 114 119 121 120 119 119 121 119 119 123 125 128 135 138 143 145 148 150 151 153 153 153 153 153 154 153 155 155 155 156 157 157 157 158 157 153 140 102 78 65 68 79 107 124 133 136 140 143 144 140 143 149 153 154 160 160 160 161 160 160 159 159 160 159 159 158 158 158
