INPUT/DGM90_EPSG31468.asc
NCOLS 129 
NROWS 125 
XLLCORNER 4476919.83780584 
YLLCORNER 5718222.05069512 
CELLSIZE 90.002870807944 
NODATA_value -32768 
[rows 0 to 41 of 125, columns 0 to 94 of 129]
105.000000000000000 105 104 100 98 92 89 85 82 79 75 73 70 68 65 63 64 66 65 67 66 66 66 67 77 86 98 101 94 90 89 87 85 82 81 80 81 80 76 75 74 73 74 74 75 77 80 80 82 84 85 86 87 88 90 89 85 84 81 80 79 76 76 77 76 75 75 76 76 74 72 73 74 74 73 74 73 72 71 70 70 69 69 68 65 66 67 66 66 68 68 69 69 70 70
105 104 103 99 97 90 88 82 81 79 72 71 73 77 79 78 71 64 63 64 65 66 65 64 64 69 83 92 83 77 76 77 81 82 82 80 78 76 75 74 74 75 73 73 74 74 75 77 78 81 82 86 88 88 87 85 82 81 79 79 79 79 79 78 78 77 75 76 81 85 88 87 82 79 73 76 75 73 72 71 71 71 70 69 67 67 67 66 66 66 66 67 68 70 71
107 105 104 100 97 92 89 83 81 78 75 74 76 83 88 90 83 71 66 65 65 65 65 64 64 66 74 81 84 76 74 73 75 77 78 80 78 77 76 75 74 74 72 72 74 74 74 75 75 76 78 85 87 87 87 85 82 81 80 80 79 78 78 78 78 78 75 75 75 75 82 82 83 84 75 77 76 73 72 71 71 71 70 69 68 68 69 68 68 67 67 67 68 69 71
109 106 105 101 99 93 90 83 81 79 76 79 84 88 93 97 94 79 68 67 66 63 63 63 65 65 69 73 84 82 76 72 74 73 75 79 80 79 79 78 76 74 73 73 73 73 72 75 75 76 77 82 83 84 85 85 83 81 80 80 79 76 76 77 77 78 77 76 75 75 78 79 81 82 80 78 77 74 73 71 71 71 70 70 69 69 69 69 69 67 67 67 67 69 70
111 109 107 103 100 94 91 87 83 79 85 89 95 96 100 103 103 96 87 66 66 64 64 63 65 65 65 67 80 84 74 74 74 79 81 82 81 80 80 79 77 75 72 72 71 71 72 73 73 74 75 76 77 77 78 79 79 79 79 79 79 79 79 78 78 78 79 78 76 75 78 78 79 78 79 80 79 75 73 72 72 71 70 70 69 69 69 69 69 67 67 67 67 69 70
115 113 111 107 105 98 96 91 87 82 99 101 105 107 107 108 108 107 104 73 69 65 65 64 65 65 64 63 74 77 76 75 74 80 83 86 84 82 81 81 79 76 73 73 73 73 73 74 74 75 75 75 74 75 76 76 77 77 78 79 79 79 79 78 78 78 79 78 76 75 78 78 79 78 79 80 79 75 73 72 72 71 70 71 71 71 70 69 69 67 67 67 66 68 68
119 116 113 108 106 100 98 91 89 86 101 104 108 110 111 112 111 110 109 90 79 65 65 65 64 64 64 65 66 67 73 74 76 84 86 86 84 82 81 81 79 76 73 73 73 73 73 74 74 75 75 75 74 75 76 76 77 77 78 78 78 78 78 77 78 78 79 79 78 77 77 78 79 79 78 77 77 77 75 74 74 73 71 71 73 73 71 70 70 69 69 67 66 67 68
123 119 117 112 109 100 97 91 88 84 101 104 108 110 111 112 111 110 109 90 79 65 65 65 64 64 64 65 66 67 73 74 76 84 86 87 85 83 82 82 81 81 77 77 74 74 75 76 76 76 77 75 74 74 76 77 77 77 77 77 76 76 76 77 77 78 78 78 78 78 77 78 79 80 82 80 79 78 77 76 75 74 74 74 74 74 73 72 72 70 69 68 68 68 68
123 119 117 112 109 100 97 91 88 84 96 101 108 110 111 112 111 111 110 98 84 65 65 65 64 65 67 66 66 66 67 70 73 84 85 87 86 85 84 85 87 88 84 83 78 78 78 79 79 79 78 79 78 78 77 78 77 77 75 75 74 76 76 76 77 78 78 78 78 77 78 80 81 79 78 84 82 78 77 78 78 77 76 75 75 75 74 74 74 72 72 70 69 68 68
127 122 119 112 108 100 97 94 89 83 96 101 108 110 111 110 110 109 108 99 87 64 64 64 64 64 64 65 66 66 66 67 69 75 79 85 87 86 85 86 88 90 91 90 82 81 80 80 80 79 79 79 80 80 79 80 79 78 76 76 75 74 74 75 75 77 78 78 79 79 79 79 77 76 77 80 80 80 80 78 78 77 79 78 77 77 76 75 75 74 74 73 72 70 70
129 123 118 110 108 105 103 98 91 89 96 101 108 109 110 111 110 110 109 104 97 66 65 64 64 64 64 64 64 65 64 64 65 66 68 73 76 75 76 76 78 79 83 84 83 83 82 81 81 81 80 81 81 81 81 82 80 80 77 77 77 76 76 76 76 77 77 77 78 79 79 78 76 75 77 79 79 79 80 77 78 79 82 80 79 78 77 76 76 75 75 74 74 73 73
131 126 121 113 111 107 104 99 93 88 90 97 107 109 111 113 113 113 112 108 104 80 74 66 64 64 64 65 65 66 65 65 66 67 67 66 65 66 67 68 70 71 74 77 84 84 84 84 84 83 83 82 84 84 84 84 84 83 81 81 80 78 78 77 76 77 76 76 78 79 80 80 79 78 77 77 78 79 80 79 79 80 80 79 79 79 78 77 77 78 77 76 75 76 76
128 125 119 116 113 106 104 100 95 89 87 95 106 109 111 112 114 114 113 111 109 95 86 71 65 65 64 65 66 66 66 66 65 65 65 65 64 65 65 65 67 68 71 73 80 82 84 87 87 86 85 87 89 89 89 88 88 88 84 83 82 80 80 78 77 76 75 75 76 77 79 79 78 77 76 76 76 76 77 79 79 78 78 77 78 78 79 79 79 79 79 78 77 76 76
117 116 114 112 109 105 102 96 93 89 88 95 105 109 110 111 114 114 115 115 115 109 106 94 85 77 67 65 64 65 66 66 66 66 66 66 66 65 64 64 66 67 68 70 74 77 80 85 86 89 91 95 94 93 91 90 92 91 89 88 87 85 85 84 83 79 78 78 77 77 77 77 77 77 75 75 75 74 75 77 78 80 79 77 78 78 79 79 79 79 79 78 77 76 76
115 114 112 110 107 104 102 97 95 93 93 97 103 108 111 112 115 116 117 117 117 112 111 108 105 95 78 70 67 66 66 66 66 67 67 66 66 65 64 64 64 66 68 70 73 75 78 84 86 90 92 91 90 89 88 88 90 90 86 88 87 85 85 84 83 79 78 78 77 77 77 77 77 77 75 75 75 74 75 77 78 80 79 77 78 78 77 78 79 79 79 79 79 76 76
114 113 111 110 108 105 103 99 95 94 97 100 105 108 112 114 116 116 116 118 118 120 117 113 112 106 95 89 68 65 65 65 66 66 66 66 66 65 64 64 64 66 68 70 73 75 78 84 86 90 92 91 90 89 88 88 90 90 86 85 83 89 89 87 86 82 80 79 78 78 76 76 77 77 76 75 75 75 75 76 77 78 77 76 74 74 75 76 78 80 80 80 79 77 77
110 111 111 110 108 103 101 95 93 93 97 100 105 108 112 114 116 116 116 118 118 120 117 113 112 106 95 89 68 65 65 65 66 66 66 67 66 66 65 65 66 67 67 69 72 74 76 82 84 88 90 92 93 92 90 88 89 88 86 78 78 91 91 91 90 86 83 82 80 79 78 78 77 78 76 74 74 75 74 76 76 75 75 75 75 75 75 75 77 78 79 80 80 79 79
110 111 111 110 108 103 101 95 93 93 97 101 106 109 112 114 116 116 117 119 120 122 122 120 119 116 109 105 80 71 66 66 66 67 67 66 67 66 65 65 67 68 68 68 72 73 74 79 80 83 84 91 94 92 89 87 88 89 89 88 86 95 95 96 96 92 85 84 82 81 79 79 78 77 76 76 76 77 77 76 76 75 75 75 74 74 74 74 75 76 77 78 79 79 79
107 108 107 106 104 100 98 96 97 101 104 105 107 109 112 114 115 116 117 120 120 122 122 121 120 119 114 111 97 91 71 69 66 66 66 66 65 66 65 66 67 68 66 67 70 72 74 77 78 82 84 87 91 91 89 87 87 88 94 96 99 101 101 101 100 95 89 87 84 83 81 80 79 78 77 77 77 78 79 78 78 75 75 74 75 75 75 74 75 75 76 77 77 79 79
105 105 103 102 100 101 102 102 104 106 107 107 107 109 111 112 115 115 116 119 120 120 120 120 119 118 115 113 103 99 84 76 68 66 66 66 66 66 67 67 68 69 68 68 69 70 72 76 78 82 85 87 89 91 91 89 84 84 94 97 100 101 101 99 98 96 92 89 85 84 81 81 80 79 78 78 78 77 78 78 78 77 76 75 75 75 75 74 75 75 75 76 77 78 78
109 111 108 107 105 108 112 106 106 106 107 107 107 107 109 111 113 114 116 117 118 119 119 119 119 118 114 112 106 102 94 86 77 68 66 64 66 67 66 66 66 67 68 68 71 71 71 74 78 83 85 85 86 89 91 88 84 84 90 95 101 102 102 99 97 95 91 87 86 84 83 82 80 79 78 79 79 78 78 75 75 76 76 76 77 76 75 74 75 74 74 75 76 77 77
111 110 106 106 107 109 109 107 107 107 107 107 106 107 107 108 111 112 113 115 115 117 117 117 116 115 113 111 105 103 96 91 85 70 68 66 66 67 67 66 66 67 68 68 71 71 71 72 75 81 84 87 86 89 90 88 85 85 89 94 99 101 101 100 98 95 91 88 87 85 84 83 82 81 80 80 79 77 76 76 76 76 75 74 76 76 75 75 74 74 74 74 75 75 75
115 114 110 109 108 109 108 108 108 107 106 106 105 105 106 107 109 110 111 111 112 114 114 113 112 112 110 108 103 101 99 95 90 75 71 67 67 68 68 68 68 67 66 66 67 67 68 73 75 79 82 91 93 94 94 93 85 86 89 92 98 100 100 100 99 95 90 87 87 86 86 85 83 83 81 80 79 77 76 78 77 76 76 74 76 76 75 75 74 74 74 74 75 75 75
121 118 113 112 111 112 111 108 108 108 107 107 106 105 104 105 106 107 108 110 110 109 109 108 107 106 105 105 102 101 99 96 92 78 73 68 67 68 68 68 69 68 67 67 69 69 68 72 73 79 84 93 95 95 96 96 92 93 95 92 98 100 100 100 99 95 90 87 87 86 86 85 83 83 81 80 79 77 76 78 77 76 76 75 76 76 76 76 76 75 75 75 77 75 75
125 121 116 116 117 115 113 111 111 110 109 109 107 106 105 104 105 105 106 106 106 106 105 102 101 100 99 100 98 98 97 96 94 84 78 68 67 68 68 68 69 68 67 67 69 69 68 72 73 79 84 93 95 96 96 96 92 93 95 95 97 99 100 101 101 96 91 89 88 87 85 84 83 84 83 82 80 78 78 80 80 78 78 78 78 78 77 76 77 76 76 77 78 75 75
131 128 130 129 128 123 120 117 116 113 111 109 107 106 105 104 105 105 106 106 106 106 105 102 101 100 99 100 98 98 97 96 94 84 78 70 68 68 68 68 68 67 67 67 67 67 67 68 70 76 80 92 95 96 96 96 96 97 98 97 96 97 98 99 100 95 92 89 89 88 85 85 84 83 83 82 82 81 82 82 82 80 81 82 82 81 80 79 80 80 80 79 80 79 79
131 128 130 129 128 123 120 117 116 113 111 110 108 107 106 105 104 104 103 101 101 101 101 103 105 105 103 102 97 93 86 84 82 81 80 76 72 71 70 70 69 68 67 67 69 69 69 67 68 70 69 73 78 89 91 94 91 93 96 96 96 97 98 100 99 95 93 92 91 89 86 86 84 82 80 80 80 82 84 82 83 85 85 86 87 87 86 86 85 86 86 84 83 83 83
134 132 134 134 133 128 125 119 117 114 113 112 111 110 108 107 106 106 105 103 103 103 104 105 105 105 106 106 102 100 95 92 89 81 80 77 73 71 70 69 69 68 68 68 71 73 74 72 73 73 71 67 67 76 80 84 90 92 93 94 97 100 100 100 98 95 94 91 90 88 85 84 82 81 79 79 79 80 81 82 83 86 86 87 89 89 88 87 86 86 86 85 85 84 84
135 136 138 137 136 130 126 119 118 117 117 117 115 112 110 109 108 108 107 105 104 104 104 105 106 106 105 104 102 101 96 93 87 83 82 77 73 71 70 69 69 69 68 68 70 72 76 77 75 71 69 67 66 66 69 72 87 87 93 95 98 100 100 99 98 96 93 91 89 87 84 83 81 80 80 80 81 82 83 83 84 85 85 86 87 87 87 86 85 85 85 85 85 85 85
139 140 140 140 139 129 125 123 123 124 123 121 117 114 113 112 109 108 107 106 106 107 107 107 106 106 105 103 99 98 94 90 86 85 86 81 73 71 70 69 69 70 70 70 70 70 71 73 71 67 66 66 65 65 66 67 76 79 93 95 97 98 97 97 100 98 92 88 87 85 83 82 81 81 81 81 82 83 84 84 84 85 85 86 85 86 87 87 85 85 85 84 83 84 84
144 143 142 142 141 132 130 130 130 128 127 125 120 116 113 112 109 109 108 107 107 109 109 108 107 104 102 100 96 95 90 88 86 88 90 87 77 72 70 70 70 70 70 70 71 70 69 69 68 66 66 66 65 65 65 66 68 70 90 92 93 90 91 99 105 99 89 85 85 84 83 83 82 81 81 81 81 82 83 85 85 87 87 88 89 89 89 89 87 87 86 84 84 84 84
147 147 146 143 140 136 138 135 134 130 128 126 122 118 114 112 111 111 110 110 110 109 108 107 106 101 99 97 93 92 89 88 90 94 94 89 80 74 71 69 70 71 71 71 71 71 70 68 68 67 66 65 66 65 65 66 66 67 81 84 87 86 92 98 99 90 84 81 81 82 82 82 82 82 83 84 84 84 85 86 87 89 89 88 89 89 89 89 87 87 86 84 84 84 84
150 149 146 145 143 144 143 137 135 131 129 125 123 119 116 115 113 113 113 112 111 109 106 102 100 97 96 94 95 97 98 97 97 99 99 95 87 78 72 71 71 71 73 73 72 72 70 68 68 68 67 65 65 65 65 66 66 66 70 84 87 86 92 98 99 90 84 81 81 82 82 82 82 82 83 84 84 84 85 86 87 89 89 90 89 89 90 90 89 87 87 86 87 84 84
151 150 147 147 147 145 143 139 137 133 130 125 122 119 118 119 118 117 114 112 111 108 106 101 99 101 100 99 101 102 104 104 103 103 103 95 87 78 72 71 71 71 73 73 72 72 70 68 68 68 67 65 65 65 65 66 66 66 70 74 83 88 89 89 87 82 78 76 77 78 80 81 83 83 86 87 87 88 88 89 89 92 92 92 91 91 91 92 91 89 88 87 87 85 85
152 151 149 149 148 145 143 139 137 132 129 125 122 119 118 119 118 117 114 112 111 108 106 101 99 101 100 99 101 102 104 104 103 103 103 104 101 91 82 73 73 72 73 73 72 71 69 68 68 67 68 65 66 65 65 66 66 66 69 72 79 84 82 79 78 75 75 75 76 77 81 83 85 85 88 90 91 92 93 92 92 93 93 94 94 94 94 94 92 90 89 88 89 89 88
152 151 149 149 148 145 143 139 137 132 129 125 125 125 126 124 121 119 116 114 114 111 108 108 111 112 111 110 106 107 106 106 106 105 105 104 100 94 90 79 77 74 73 73 72 71 69 68 67 66 67 66 67 66 66 66 66 67 69 70 74 76 75 74 75 78 78 81 82 83 85 87 90 91 92 93 93 95 97 95 96 96 96 97 97 97 95 94 93 94 92 90 89 90 90
152 151 150 150 148 144 141 136 135 133 132 132 133 134 131 129 124 122 120 121 119 114 113 114 116 117 116 115 112 111 111 111 109 107 106 103 99 92 88 81 79 76 73 73 73 72 69 67 67 66 67 67 68 66 66 67 69 70 68 68 71 74 80 91 96 97 92 91 91 90 90 91 95 97 98 100 100 100 101 100 100 103 103 104 103 102 99 96 94 94 94 92 91 90 90
154 153 150 150 148 144 141 138 139 141 142 142 141 139 134 130 126 126 125 124 123 115 116 118 120 119 119 119 116 116 114 114 111 108 107 104 99 92 87 81 79 77 75 74 71 71 69 68 68 67 67 67 68 68 68 69 69 69 69 69 70 71 79 93 100 100 100 99 99 99 98 98 101 104 105 106 106 107 107 108 108 110 109 108 109 108 106 105 99 97 96 93 92 91 91
156 154 151 151 149 147 147 149 150 151 150 148 147 144 142 141 137 134 129 127 127 120 120 122 124 126 126 126 123 121 117 115 109 106 103 98 91 89 92 98 94 89 79 77 73 73 72 72 72 71 71 71 70 68 68 68 67 67 68 68 69 70 71 81 90 101 103 105 105 106 106 106 109 111 115 116 117 119 120 121 120 117 117 116 115 113 110 109 106 104 103 102 101 99 99
159 157 154 153 151 150 150 151 151 151 151 149 149 147 143 141 136 136 134 132 131 123 124 127 129 129 128 126 122 119 113 110 102 98 97 94 90 94 99 99 97 94 86 83 74 73 72 72 71 70 69 69 69 68 68 68 67 67 66 66 68 70 70 74 79 91 103 106 106 107 107 108 111 113 116 117 119 123 124 124 124 122 122 121 117 116 114 114 113 108 106 104 103 104 102
161 159 157 156 155 153 152 153 153 152 151 151 151 150 146 144 141 141 137 134 131 126 128 131 133 131 129 127 117 112 104 103 101 100 100 101 101 104 107 105 103 100 93 91 79 77 74 73 72 70 69 70 69 68 68 68 67 67 66 66 69 71 70 69 71 89 101 107 107 108 109 110 114 116 117 118 120 124 126 128 128 125 124 121 117 116 114 114 113 108 106 104 103 104 102
163 162 158 157 155 154 153 153 153 154 153 153 152 151 149 147 145 142 137 134 134 134 134 135 134 130 127 124 110 106 113 115 115 113 114 115 114 116 117 114 111 107 100 97 92 89 84 81 77 72 70 69 70 69 68 67 67 67 66 66 69 71 70 69 71 89 101 107 107 108 109 110 114 116 117 118 120 124 126 128 128 125 124 122 118 117 115 116 118 113 111 109 108 107 105
